0, -66.5265, -45.7877, 274.99, 26.9284, -1.51102, -6.28748, 14.0981, 1.84634, -9.11761, 1.79781, 0.189368, 0.225385, -0.641478, 2.00515, 0.569262, -0.949797, 1.96501, 1.02, 1.78608, -0.0953195, 0.542379, -0.231769, 0.122212
1, 0.569719, -20.7576, 277.469, 8.5782, 0.443409, -3.95347, 0.83503, 2.01399, -4.81401, 1.8588, 0.240226, 0.319927, -0.308141, 2.21984, -0.876295, -0.92323, 1.9414, -0.441094, 1.35396, -0.0911544, 0.658054, -0.0938662, 0.708195
2, 17.5992, -15.1021, 278.764, 2.08352, -0.211746, -1.46114, -1.75275, 0.84375, -2.17574, 1.65455, 0.168151, 0.218972, 0.0901988, -0.626971, -0.212594, -0.83416, 0.275689, -0.142952, 0.0632119, -0.0722412, 0.732285, -0.0693394, 0.864729
3, 30.7626, -18.2196, 282.695, -1.39252, 0.62264, -2.17925, -3.39465, 0.89786, -2.33501, 0.875475, 0.108082, 0.0733097, 0.0522161, -1.59362, 0.74535, -0.814849, -0.407362, 0.64831, -0.594537, 0.0357219, 0.765404, 0.0161592, 0.961484
4, -85.6694, -63.5408, 288.945, 29.6917, -2.23487, -10.8569, 13.6666, 1.59838, -7.98283, 1.72933, 0.184247, -0.022213, -0.545721, 2.01401, -0.0565255, -2.10465, 1.76046, 0.339255, 1.38466, 0.0127756, -0.395315, 0.496705, 1.15179
5, 52.4349, 3.85526, 260.13, -3.27635, 1.29464, 1.65392, -7.54934, 1.22405, -1.66523, 0.88978, 0.145981, 0.234876, 0.0355439, 2.33373, -0.0948251, 1.59644, 1.43863, 0.163079, 0.758415, 0.116468, 1.8241, 0.221933, 3.12717
6, 32.189, -21.0226, 300.263, 4.5365, 0.286411, -2.34386, -4.07265, 0.715595, -1.93583, 1.71012, 0.145567, 0.293149, 0.0964598, 2.49628, -0.771295, -1.33788, 1.5456, -0.469359, 0.552146, -0.0150028, 1.84318, 0.00867687, 3.08646
7, 11.0404, -25.4537, 310.261, 9.90379, -0.769604, -1.7394, -0.0531123, 0.394086, -2.62093, 2.30508, 0.098691, 0.203359, 0.157296, 0.74167, -0.360342, -1.30353, 0.256268, -0.292563, -0.389379, -0.104909, 2.49264, -0.0294854, 3.52061
8, -1.79155, -14.7383, 310.954, 13.205, -1.05126, 1.52654, 0.985815, 0.126222, -1.70054, 2.5303, 0.0531878, 0.340546, 0.192101, 0.977042, -0.0381981, -0.493816, -0.546691, 0.0137626, -1.50109, -0.0709429, 3.14748, -0.148083, 4.9199
9, -1.44005, -12.2615, 320.5, 18.371, -1.75931, 1.37449, 2.13853, 0.00374636, -1.48188, 2.9785, -0.0101347, 0.422764, 0.120231, 4.1821, -1.08254, -1.31576, 1.72997, -0.710748, 0.187763, -0.0925478, 3.20519, -0.262651, 5.39465
10, -1.76348, 11.2777, 313.695, 21.9088, -3.02024, 5.93301, 5.83118, -0.168276, -2.33371, 4.5594, -0.0176761, 0.597448, 0.0217874, 3.43451, -0.232369, 1.18217, 1.18941, 0.0306126, 0.0799327, 0.0508682, 3.68759, -0.344249, 5.56615
11, 4.59469, 20.8857, 327.898, 21.6612, -3.60241, 6.79472, 6.23131, -0.634138, -1.62574, 5.2013, -0.0771404, 0.684353, 0.132598, 2.55412, -0.150488, 1.31793, 0.957706, -0.0219691, -0.12253, 0.112205, 3.82968, -0.350259, 5.52902
12, 21.1379, 8.90211, 352.861, 19.7321, -2.63827, 4.629, 5.77598, -1.04241, -0.635571, 5.46495, -0.0511958, 0.85074, 0.318724, 2.57524, -0.487338, -1.05011, 1.6744, -0.330103, 0.489068, -0.0497254, 3.22782, -0.138117, 5.01939
13, 13.0556, 1.89049, 355.544, 21.612, -1.94119, 6.45176, 7.83059, -1.44033, 0.354656, 6.35669, -0.040537, 0.899122, 0.438887, 3.03469, -0.194505, -0.707739, 1.53452, 0.139873, 0.189778, -0.0728559, 2.30472, 0.0632447, 5.23103
14, 14.3134, -4.92748, 362.137, 21.6907, -1.56955, 6.89549, 7.87297, -1.4954, 1.27419, 6.63999, -0.0242807, 0.872853, 0.438734, 3.65289, -0.693627, -0.528105, 1.55316, -0.187947, -0.196281, 0.0981119, 1.7515, 0.104906, 5.44855
15, 33.3566, -16.4279, 358.515, 19.8652, -0.989125, 7.57784, 8.91241, -1.54055, 1.55453, 7.21005, -0.0474679, 0.980268, 0.362516, 3.11241, -0.0496836, -0.807574, 2.54978, 0.364937, 1.25139, -0.203488, 1.51507, 0.332098, 4.50573
16, 35.7508, -34.0539, 339.375, 17.956, -1.67745, 7.62959, 11.5768, -1.46678, 0.814658, 8.17123, 0.0226956, 1.15532, 0.353717, -0.262263, -0.0816073, -0.922951, 0.719586, -0.00459421, 0.220508, -0.0167024, 1.49559, 0.472692, 4.23461
17, 23.9997, -40.075, 330.411, 20.7886, -1.7125, 8.25817, 13.37, -1.51081, 1.43607, 9.29798, 0.0152622, 1.27984, 0.502638, 0.441566, -0.492945, -1.56058, 1.50824, -0.303029, 0.848212, 0.14309, 1.19382, 0.401035, 4.51214
18, 27.3113, -36.5761, 336.105, 19.4358, -1.35927, 8.68646, 12.5362, -1.46567, 2.20017, 9.81278, -0.0171309, 1.34837, 0.801742, 0.00512871, -0.029975, -1.81493, 1.90594, 0.0707228, 1.34584, -0.0703888, 0.627958, 0.452007, 4.45217
19, 29.7828, -35.6961, 327.144, 19.511, -1.39031, 6.4254, 14.1427, -1.29407, -1.04925, 10.1586, 0.0105705, 1.50281, 0.521589, -0.98424, 0.192804, -2.76097, 0.797615, 0.203508, -0.157622, -0.207424, 0.595474, 0.558665, 4.04926
20, 15.5235, -31.833, 316.093, 26.3754, -2.77854, 1.94735, 19.7235, -1.28354, -6.96083, 11.2364, 0.0996803, 1.9097, -0.125597, -0.247202, -0.324698, -4.1333, 1.61048, -0.233953, 0.250768, -0.274847, 0.873911, 0.630418, 3.28718
21, -7.1425, -17.8501, 326.268, 30.3042, -4.71672, 2.51767, 22.1652, -1.45807, -8.18838, 12.3666, 0.104578, 2.16477, 0.0226313, -1.21364, 0.0281569, -1.75742, 1.53912, 0.070611, 0.975507, -0.179393, 1.25191, 0.553425, 3.5506
22, -31.0069, -9.01798, 356.942, 30.5503, -4.55703, 1.47943, 19.2391, -1.09295, -6.54037, 11.4333, 0.186296, 2.00679, 0.270898, -1.34018, -0.267427, -1.52276, 0.789606, -0.151747, 0.0613007, -0.00169447, 1.76008, 0.3653, 3.85184
23, -33.7655, -1.41265, 375.279, 26.0473, -3.17026, 4.60654, 13.0602, -0.681861, -0.287777, 8.99523, 0.145719, 1.30714, 0.596177, -0.533804, 0.248003, -2.04385, 2.7456, 0.332856, 2.66359, -0.326641, 2.70852, 0.246698, 2.77862
24, 18.9076, -8.2127, 306.677, 6.24281, -2.06516, 11.7835, 3.51248, 0.0194188, 4.23506, 2.62965, 0.164826, -1.40254, 1.77346, -4.08984, 0.479588, -0.97725, 0.00599377, 0.155832, -0.00944914, 0.00585291, 4.03999, -0.0946898, 1.75544
25, 58.9411, -22.8691, 282.923, 0.075428, -2.1836, 7.16985, 2.31504, 0.182074, -0.479005, -0.244203, 0.118872, -3.08813, 2.37327, -3.79395, 0.60884, -1.31116, 0.273411, 0.132497, 0.242392, 0.0354056, 4.89706, -0.778391, 1.06332
26, 80.8326, -21.377, 272.053, 5.9201, -4.74791, 5.46346, 11.7137, -1.05767, -5.57343, 2.74198, -0.174507, -3.67802, 2.96311, -3.39985, 0.131244, -1.00327, 1.17053, -0.531795, 1.03776, 0.118724, 5.22884, -1.44122, 0.0675784
27, 114.424, -12.8675, 219.454, 3.19192, -6.31653, 7.1213, 16.5593, -1.46947, -10.0978, 1.65346, -0.209354, -4.531, 3.50107, -5.74257, 0.699582, 0.766645, 0.361324, -0.152358, 0.817101, 0.137966, 5.91252, -1.87749, -1.36514
28, 110.68, -0.857902, 184.682, 2.6211, -6.10481, 11.3599, 17.8511, -1.53274, -8.73191, -1.12396, -0.0846894, -3.82129, 3.65172, -7.16309, 0.518804, -0.0213234, -0.696191, -0.386699, 0.0141834, 0.198284, 6.43809, -2.1173, -2.27734
29, 86.3027, 10.2372, 164.997, 5.47021, -5.3409, 17.425, 18.8334, -1.64379, -5.14682, -3.7085, 0.0966674, -3.12818, 3.7691, -7.05952, 0.70339, -0.722384, -0.32229, -0.0850179, 0.55264, 0.0157577, 6.55803, -1.98432, -2.71755
30, 67.7104, 16.1118, 133.202, 8.66737, -6.11167, 18.437, 21.1899, -1.08722, -8.2477, -5.181, 0.25008, -2.43553, 3.56684, -7.16892, 0.726589, 0.438394, 0.394317, 0.159231, 1.11127, -0.153651, 6.84359, -1.41199, -2.64644
31, 34.5771, 19.0222, 99.1277, 15.6834, -3.37058, 15.7261, 22.3449, 0.173895, -12.9514, -7.25707, 0.358756, -1.88478, 3.34223, -3.30121, 0.342203, -2.16654, 1.50722, -0.198866, 0.478719, -0.152103, 7.29135, -0.399887, -2.88128
32, 5.24191, 22.2703, 80.6472, 14.7792, 1.23155, 13.0461, 19.0992, 1.27687, -13.6997, -10.8184, 0.370401, -1.68216, 2.94432, -3.08227, 1.28903, -7.15928, 1.83871, 0.0526845, 0.885159, -0.624458, 7.13191, 0.895983, -3.39757
33, 2.28762, 30.5654, 45.2628, 4.59221, 4.53131, 9.3783, 16.1391, 2.08422, -15.9486, -11.7726, 0.311189, -0.937614, 2.79053, -9.78557, 2.40754, -11.3113, -1.93666, 0.301991, -1.44201, -1.06189, 6.93527, 2.13055, -3.54905
34, 16.325, 38.4064, -5.05043, -5.92305, 6.3073, 4.88758, 11.5074, 2.75668, -20.1148, -12.1761, 0.2366, -0.343264, 2.52639, -13.4963, 1.4953, -12.1506, -4.75143, -0.270873, -1.67174, -0.276977, 7.34222, 3.12488, -3.24084
35, -71.3299, 19.2668, -43.0106, 15.2073, -4.35963, 10.4844, 27.5295, 4.56917, -19.2418, -10.0251, 0.189574, 0.41988, 2.11651, -15.3037, -0.219481, -2.79572, -6.32104, -0.297768, -0.583751, 0.236631, 7.50892, 3.74649, -4.82424
36, 27.4139, 20.6048, -52.5476, -12.5106, 3.95339, 1.69241, 8.14345, 3.65943, -24.8023, -12.6929, -0.0286288, 1.05655, 1.94707, -14.9978, 1.02573, -6.13047, -6.63822, -0.336361, -1.42127, -0.235745, 7.89719, 3.73912, -3.6144
37, 10.9116, -7.37586, -62.7589, -6.91123, 3.59255, -2.84201, 11.7813, 3.82515, -24.9235, -10.4453, -0.154168, 2.03719, 1.87137, -13.8338, 1.48454, -6.18189, -6.10611, -0.141689, -0.557071, -0.19467, 7.605, 3.42778, -4.05783
38, 1.54419, 0.947458, -19.5196, -3.14057, 4.32343, 0.0645432, 11.3386, 3.59249, -23.3887, -9.2012, -0.295533, 2.80382, 1.72961, -10.6548, 2.08127, -6.61079, -6.71639, 0.105437, -1.71306, -0.594737, 5.60015, 2.96448, -5.38776
39, 14.7755, -17.3337, -70.1, -5.06197, 1.1876, -3.40043, 11.1819, 3.12187, -23.8436, -7.64483, -0.432682, 3.54603, 1.6103, -9.33831, 0.908828, -2.65431, -4.77121, -0.0183248, 0.245978, -0.157797, 6.05618, 1.87454, -3.68504
40, 12.8744, -31.4926, -54.6625, -4.82999, 1.51223, -5.61067, 11.7303, 2.6683, -22.7236, -6.03501, -0.533583, 4.22719, 1.53199, -7.70964, 1.40674, -4.13216, -4.38067, -0.208197, -0.102954, -0.297061, 3.96767, 1.14132, -3.23743
41, 28.4218, -34.4193, -53.4602, -7.08671, 2.36028, -7.47683, 10.5382, 2.04444, -21.2873, -4.71761, -0.61849, 4.92717, 1.57402, -5.31719, 2.69652, -5.22187, -1.61196, -0.090373, 1.81842, -0.325051, 2.47978, 0.564707, -2.60404
42, 46.2316, 1.67395, -14.0571, -14.7715, -8.02619, 8.93672, 9.0191, 1.50646, -19.5552, -3.60904, -0.669191, 5.55756, 1.59867, -11.5804, -3.28, 7.88364, -4.33419, -0.319092, 0.0765787, 1.21443, 0.610613, 0.28992, -3.51532
43, 14.3964, -29.3135, -29.1434, -6.69157, -0.607117, -4.32706, 10.994, 1.18825, -18.6569, -2.24107, -0.6953, 6.17312, 1.51306, -5.19684, 1.0662, -1.36922, -3.49911, 0.0394277, -0.0292234, -0.14757, 0.126619, -0.268701, -2.51032
44, 12.8834, -18.2515, -12.8923, -8.69275, -2.19005, 1.5525, 9.74731, 0.974608, -17.9292, -1.85757, -0.729475, 6.8478, 1.34423, -6.33286, -0.106563, 0.663594, -3.38453, -0.131472, -0.764956, 0.287247, -0.867419, -0.0263501, -1.83711
45, 18.4928, -18.4643, -20.6257, -11.0665, -0.0656628, -0.638796, 7.96664, 0.711614, -16.4174, -1.57575, -0.751371, 7.32541, 1.24874, -6.00534, 1.61538, -1.33577, -2.70406, 0.149216, -0.074206, -0.150994, -0.880846, 0.106933, -1.05001
46, 24.38, -3.06225, -10.4147, -8.94822, -3.24179, 3.91154, 6.60659, 0.502419, -15.5022, -1.08318, -0.800986, 7.94279, 1.06435, -6.6173, -0.683411, 2.9542, -2.77719, 0.159933, -0.112957, 0.368752, 1.00689, -0.864808, -2.29645
47, 29.8259, -0.997519, 2.20635, -4.32723, -0.918396, -0.327681, 3.99978, 0.116115, -15.0371, -0.462834, -0.871697, 8.66156, 0.914012, -1.42169, -0.0720969, 0.0803148, -1.02142, -0.177057, 0.00880952, 0.167212, 2.17481, -1.74216, -2.32216
48, 19.7088, 1.56176, 1.0958, -3.39607, -2.33794, 3.50427, 5.6537, -0.119739, -13.2781, 0.534396, -0.914763, 9.15525, 0.980801, -3.71545, -0.198354, 0.0341651, -1.45527, 0.0554816, -0.535406, 0.242458, 1.85973, -1.74132, -1.36987
49, 12.6856, -10.9953, -23.991, -0.0313075, 0.509993, -3.96596, 6.35178, -0.284386, -13.1146, 1.06613, -1.02207, 9.72046, 0.700132, 1.56972, 2.66527, -2.71451, 0.958236, 0.154723, 0.0670488, -0.852659, 1.58375, -1.50387, -1.00157
50, 6.48541, 6.45599, 11.9867, -3.36315, -4.67259, 8.65888, 5.06284, -0.468238, -12.8477, 1.83478, -1.11066, 10.5617, 0.616268, -4.43108, -2.67943, 4.88907, -1.02017, 0.0177829, -0.0653077, 0.963264, 1.0966, -1.23972, -1.93761
51, 20.3377, -7.25962, -6.01914, -7.54482, -1.92314, 0.876381, 3.7016, -0.502202, -13.7772, 2.00325, -1.20907, 11.1281, 0.253969, -3.59032, -0.542161, 0.902238, -0.627567, -0.0687613, -0.615121, 0.370869, 0.704751, -1.35823, -1.64595
52, 19.7845, -5.63289, -2.79978, -9.46867, -0.855927, 2.67401, 2.18949, -0.505139, -12.7156, 1.9325, -1.2515, 11.6772, 0.17116, -2.63241, -0.225928, 0.841737, 0.389409, 0.130468, 0.0401364, -0.00302151, -0.411122, -0.824955, -0.592404
53, -0.263041, -2.0347, 5.26001, -6.21025, -0.66717, 6.40088, 3.62379, -0.693045, -11.8881, 3.27646, -1.26479, 12.6889, 0.193574, -0.671301, -1.57922, 3.49786, 0.629975, 0.0193841, 0.450192, 0.344013, -2.12152, 0.194042, 0.220264
54, -0.539876, 3.46878, 1.82398, -3.43167, -0.934544, 6.30736, 5.25353, -0.830127, -11.3573, 4.65221, -1.19504, 13.5003, 0.317165, -0.207228, -1.09558, 4.17508, 1.59697, 0.283558, 1.3017, 0.03852, -1.34989, -0.189948, -0.433191
55, 20.3257, 2.1618, -15.5224, -11.9767, -0.3638, 3.57765, 0.422673, -0.54949, -11.8247, 3.15291, -1.27277, 14.0244, -0.0404878, -3.55269, -0.186645, 3.04652, 0.00385255, 0.0481109, 0.301581, -0.115057, 0.440076, -1.04991, -1.98961
56, 11.6228, 2.78499, -32.6209, -9.7558, -0.602033, 6.85552, -1.89851, -0.430449, -11.631, 2.73381, -1.36702, 14.9798, -0.316594, -0.574522, -2.27105, 6.53539, 0.313566, 0.00217864, 0.171476, 0.525752, 1.13599, -1.16898, -2.17144
57, -9.5544, 11.5213, -24.1609, 1.85328, -1.89209, 8.80204, 2.4688, -0.734911, -11.7073, 5.41345, -1.3157, 16.0022, 0.0340262, 3.81083, -3.68075, 9.06508, 2.42235, -0.165434, 1.35229, 0.568502, 1.24181, -1.16116, -1.67432
58, -14.6908, 10.121, 18.1105, -2.62917, 0.620744, -0.419612, 0.934208, -0.678996, -12.1507, 5.70168, -1.35359, 16.8665, 0.00268825, -1.85873, 1.94064, -2.86167, 2.98107, 0.0678061, 0.910179, -1.09281, 1.45884, -1.25827, -3.12952
59, -2.43462, 5.46269, -18.3932, -4.55103, 0.425605, 5.42358, -1.96458, -0.788005, -12.6816, 5.82102, -1.44201, 17.8849, -0.182641, 1.64181, -1.86723, 7.2266, 1.47622, 0.102639, 0.373925, 0.30669, 1.97229, -1.33208, -3.63504
60, -2.01991, 3.55545, -9.65757, -4.93348, 0.21123, 7.07708, -2.63374, -0.957004, -12.043, 6.74707, -1.50459, 19.165, -0.097194, 1.75297, -2.00125, 7.04839, 1.66013, -0.18897, 0.120299, 0.529666, 1.4874, -1.32753, -3.37087
61, -11.4925, 0.97867, -5.81843, -3.16073, 0.819384, 6.75933, -3.06673, -1.04703, -12.9597, 7.08959, -1.56352, 20.3837, -0.316274, 2.67737, -1.75764, 6.79964, 2.13121, -0.0164083, 0.235619, 0.404786, 1.42151, -1.30725, -3.59433
62, -23.536, -9.21368, 2.24719, 0.656669, 1.81914, 3.7112, -2.68769, -1.1644, -14.5014, 7.85564, -1.57, 21.7395, -0.443865, 4.81504, -1.72585, 6.02586, 3.5642, 0.0473437, 0.846843, 0.211507, 1.33682, -1.25963, -4.26402
63, -16.897, -4.80382, 3.82096, -1.50681, 2.22985, 4.75881, -4.1373, -1.45179, -13.8903, 8.5592, -1.63481, 23.267, -0.553819, 4.8581, -1.32085, 4.83261, 3.81806, 0.0981108, 0.588043, 0.229266, 1.5465, -1.10555, -5.21714
64, -5.44109, -11.31, 6.00138, -2.83605, 3.28738, 3.81579, -6.20474, -1.83325, -13.5876, 9.54676, -1.70392, 25.1625, -0.635082, 6.67982, -1.17638, 3.98821, 5.13195, 0.126864, 1.0438, 0.223237, 1.72207, -0.898049, -6.32101
65, -18.5877, -23.5169, 36.0363, 1.66353, 3.33267, 1.81919, -5.41182, -1.927, -13.7435, 10.56, -1.7901, 26.9705, -0.680807, 8.5393, -1.09453, 3.47277, 5.9699, 0.107844, 0.859205, 0.0760777, 1.05961, -0.942698, -6.76338
66, -31.135, -19.0459, 44.8429, 6.4469, 2.06163, 2.80009, -4.66787, -1.99551, -13.3149, 11.2648, -1.92024, 28.9428, -0.788551, 11.8723, -1.40819, 3.72124, 7.36939, 0.00339119, 1.13693, 0.0244032, 0.723998, -1.03909, -7.14022
67, -24.461, -17.3898, 37.7546, 3.34009, 1.23918, 1.16166, -6.30275, -2.24846, -13.5673, 11.2424, -2.12265, 30.8229, -1.22155, 11.9807, -1.1041, 1.08706, 7.94004, -0.110683, 1.26377, -0.163721, 0.806925, -0.994797, -7.37038
68, 6.16618, -21.7231, 25.9647, -6.09724, 2.44012, -2.86411, -12.1196, -2.78928, -13.632, 10.8464, -2.40563, 32.7667, -1.33421, 12.3246, -0.90942, -1.65445, 8.92336, -0.00295421, 2.06615, -0.342611, 0.977689, -0.894471, -7.24925
69, -18.8521, 4.69423, 17.6607, -0.455592, -0.302984, -2.22775, -8.00283, -2.68393, -13.9093, 11.4399, -2.64067, 34.3705, -1.60124, 12.8123, -0.667231, -2.14251, 9.10543, 0.432392, 1.67305, -0.350308, 1.07714, -0.967166, -5.22276
70, -22.1763, 10.9495, -6.86319, -3.23067, -0.207827, -4.63443, -10.9846, -2.81461, -14.2884, 10.751, -2.85485, 35.7352, -1.81739, 12.9961, -1.27736, -4.24234, 9.80912, 0.157611, 1.55071, -0.568873, 1.76768, -0.958486, -4.32832
71, -32.3525, 12.6836, -32.9065, -2.45359, 1.1117, -4.67964, -13.3507, -2.77182, -14.5183, 9.97476, -2.9937, 36.5107, -2.0236, 15.6473, -1.76131, -2.85994, 10.871, 0.249221, 1.61959, -0.798136, 2.24949, -0.720789, -4.25003
72, -24.9896, 2.75375, -29.5644, -2.55435, 1.50087, -2.5232, -13.9248, -2.61214, -14.2818, 9.24877, -3.12355, 37.0098, -2.11637, 16.6522, -1.65731, -0.162516, 11.3905, 0.229261, 1.74936, -0.49016, 2.49322, -0.372725, -5.03124
73, -40.1287, 1.12032, -2.71462, 3.8856, -0.814708, 4.08063, -10.7092, -2.15054, -12.1817, 8.68689, -3.24633, 37.0467, -2.20606, 18.8662, -1.2238, 4.03188, 12.4484, 0.184309, 2.24619, -0.126546, 1.92278, -0.261748, -5.59231
74, -77.2612, -10.0911, 31.0965, 13.2789, -1.62138, 7.75709, -6.78418, -1.68283, -11.0791, 8.51731, -3.29107, 36.7549, -2.26485, 21.3109, -0.852735, 6.69599, 12.7557, 0.306361, 2.58523, 0.112737, 1.30413, -0.248494, -5.7319
75, 102.126, -30.8618, 9.56773, -34.3641, 15.6922, 0.605619, -36.2735, -3.38198, -18.7884, 3.62239, -3.5211, 36.0714, -2.83928, 18.2448, -0.619684, 2.90977, 11.3627, 0.24192, 1.92882, -0.257589, 4.23051, 0.27303, -10.5115
76, -164.991, 11.7312, 120.151, 20.7923, -8.2345, 8.75358, -0.588237, -1.17459, -4.10569, 7.55746, -3.30183, 34.6914, -1.96435, 11.8788, -1.24597, -5.90409, 8.66607, 0.0865964, 1.63869, -0.630856, 2.05635, -0.112291, -3.09833
77, -49.3293, 1.80255, 6.67948, -10.3877, 3.79443, 1.02598, -17.5608, -1.42797, -12.4992, 2.04046, -3.49977, 33.1509, -2.64816, 13.1406, -1.03917, 1.44139, 8.44464, -0.042471, -0.0631111, -1.6187, 3.26052, 0.458805, -4.84973
78, -27.1824, 25.0021, -58.8904, -7.15347, 3.47529, 3.75654, -14.8524, -1.07224, -10.6414, 0.922316, -3.27108, 30.9509, -2.49079, 19.5098, -1.05128, 11.3329, 9.49565, -0.334451, -2.39836, -0.952644, 3.92003, 0.862024, -2.04955
79, -10.6581, 36.4967, -44.1185, -6.03378, 2.88901, 4.0744, -13.6368, -0.75146, -7.89319, -0.916553, -2.98496, 28.1937, -2.52746, 20.5196, -0.966746, 11.7449, 8.9029, -0.330713, -3.62424, -1.1082, 4.41545, 1.27737, 1.17403
80, 28.3072, 31.9129, -34.7795, -15.7422, 3.81198, 5.93535, -17.6612, -0.270331, -5.71483, -4.45314, -2.65298, 24.8943, -2.51943, 16.7539, -0.817213, 12.5882, 4.90454, -0.369667, -4.6812, -1.17196, 5.51016, 1.7207, 3.49651
81, 43.9955, 18.8272, -24.8808, -15.2005, 2.48699, 9.2193, -16.7566, -0.155512, -1.4252, -5.32857, -2.14885, 21.0574, -2.05483, 14.7272, -0.864398, 14.0891, 1.35092, -0.369537, -5.10984, -1.18484, 7.57383, 2.03693, 5.70702
82, 38.8108, 2.71154, -34.9638, -5.06163, 3.01313, 7.62911, -15.779, 0.0395945, 1.12854, -5.67261, -1.58679, 16.8779, -1.63215, 21.3576, -1.71188, 17.0189, 1.54355, -0.342476, -5.06826, -0.822559, 8.80712, 2.20359, 6.78398
83, 37.9203, -0.968543, -30.7102, -4.90002, 3.90014, 3.94752, -18.474, 0.575154, 2.67813, -7.06153, -1.11699, 12.3179, -1.2825, 23.1702, -2.1733, 16.1126, 0.0571523, -0.24249, -5.08295, -1.06023, 8.68621, 2.0632, 6.49749
84, 36.5913, 4.80494, -30.1477, -6.13858, 3.5328, 1.72258, -19.6818, 1.0617, 3.82098, -7.67909, -0.743315, 7.47047, -0.882926, 22.7814, -2.39642, 15.1853, -1.6781, -0.207193, -4.96012, -1.36599, 8.4403, 1.53657, 5.48197
85, 22.8886, -7.84729, -22.4209, -0.280307, 2.26943, -0.333563, -16.1779, 0.930379, 4.73239, -6.69805, -0.406151, 3.753, -0.430119, 23.8931, -3.13275, 17.2023, -2.2164, -0.240629, -3.87643, -0.851553, 7.80578, 0.9075, 4.34657
86, 30.0907, -25.3091, 8.5502, 1.25047, 0.513778, -2.7147, -12.6833, 0.30372, 6.70256, -5.15223, -0.204722, 1.34262, -0.107376, 22.1417, -3.59793, 19.6376, -3.62456, -0.26268, -3.1742, -0.459927, 6.35498, 0.27829, 4.58918
87, 29.2652, -29.4671, -10.7446, -1.52013, -1.1901, 0.557266, -10.8226, 0.122772, 6.42622, -5.33118, -0.0270356, -0.0156122, 0.0257116, 19.5726, -3.76216, 22.3713, -4.65153, -0.268654, -2.87035, -0.203657, 5.32072, -0.508601, 5.01942
88, 44.6283, -31.7122, 28.7512, -11.5824, -1.9645, -0.740868, -15.6124, -0.838867, 9.5785, -6.80739, -0.137702, -1.14488, 0.462877, 17.2053, -3.67932, 21.7271, -4.86757, -0.215799, -2.24362, -0.15708, 1.65118, -0.883137, 6.99517
89, -2.33053, -15.1371, 4.67767, -4.16681, -8.4708, 7.6719, -8.12724, -2.61892, 13.799, -5.97355, -0.0756324, -1.49232, 0.54796, 15.004, -3.72029, 21.8475, -5.22861, -0.240974, -2.115, -0.205027, 0.0547211, -1.05666, 7.68992
90, 17.8868, -16.8292, -31.1549, -11.8698, -1.04446, 3.48971, -11.2192, -0.157731, 4.3705, -6.16893, 0.0296101, -1.19419, 0.124207, 14.2553, -3.79214, 23.9957, -4.76082, -0.298577, -2.07826, -0.260516, -0.243613, -1.06799, 7.81655
91, 25.6068, -10.2057, -37.1985, -13.2342, -1.81453, 4.36012, -7.63598, -0.178302, 2.80917, -4.91898, 0.0208857, -0.980766, 0.0225671, 10.5052, -2.84278, 24.0032, -3.97349, -0.215041, -1.41384, -0.137645, -1.18528, -0.849542, 6.77876
92, 24.3596, 9.40505, -46.8841, -12.5878, -1.73388, 6.10945, -7.68999, -0.441415, 2.9995, -4.51334, -0.0531872, -0.86924, 0.0712391, 10.697, -2.78743, 25.0068, -2.92093, -0.212612, -1.22416, 0.0376938, -1.43721, -0.783146, 5.89981
93, 7.04824, 21.6977, -62.1287, -9.17094, 1.0688, 4.63903, -9.59603, -0.203333, 1.28721, -3.88677, -0.0989975, -0.653603, 0.227448, 14.0686, -3.39638, 25.942, -1.70237, -0.164687, -0.64862, 0.285209, -1.33339, -0.717028, 5.96851
94, 11.2294, 15.1421, -66.4684, -8.48184, -0.00786672, 4.20077, -5.42883, 0.125348, 0.172547, -2.80957, -0.0784966, -0.523315, -0.036759, 10.0117, -2.35149, 23.4457, -1.60766, -0.160731, -0.930084, -0.0433826, -0.913526, -0.411914, 4.00421
95, 25.7171, 7.60707, -44.9415, -12.2421, -0.598925, 2.23746, -5.29488, 0.226132, -0.0206237, -3.01597, -0.0897012, -0.548268, -0.0840775, 5.75508, -1.20804, 20.6075, -1.37069, -0.120079, -0.853639, -0.170983, -0.729984, -0.344752, 2.51016
96, 8.56638, 9.50532, -28.8038, -6.47212, -0.389438, 1.59153, -5.21221, -0.197202, -0.0313366, -2.76601, -0.176236, -0.490973, 0.0819362, 7.96587, -1.20419, 20.7055, 0.453373, 0.018971, 0.285384, 0.107138, 0.122203, -0.602256, 2.61507
97, -19.1644, 8.04048, -18.525, 1.73617, 0.50824, 0.787833, -3.62773, -0.23656, -1.22155, -1.42371, -0.195653, -0.293801, 0.133604, 11.016, -1.62429, 20.9249, 1.17517, -0.0210074, 0.106487, 0.320052, 0.864644, -0.753007, 2.73639
98, -20.6791, 11.7578, -21.0022, 1.3966, 0.754336, 2.09662, -2.9695, 0.758214, -2.04888, -1.34557, -0.0850156, -0.343605, -0.196555, 9.44983, -1.13018, 20.26, 1.15856, 0.0810192, 0.654481, 0.163719, 1.42144, -0.754573, 2.5675
99, -5.88264, 5.94724, -7.31841, -2.36744, 0.159984, 0.413726, -1.36537, 1.57615, -2.67793, -1.21265, -0.0192296, -0.113394, -0.377592, 4.7886, -0.0964641, 17.7145, 1.0583, 0.164054, 1.15089, 0.219681, 1.33407, -0.633682, 2.17524
100, -10.0606, 3.0387, -0.279248, 1.43583, -0.509845, 1.31628, -0.95684, 0.732898, -2.23781, -0.904257, -0.118624, -0.176665, -0.138806, 6.92684, -0.180141, 18.8089, 2.4276, 0.227366, 2.14418, 0.726216, 1.53029, -0.783118, 1.76576
101, -3.81426, 7.39277, -8.84466, -0.538973, 0.24869, 1.29483, -2.91958, 1.22589, -2.62229, -1.29528, -0.111294, -0.200422, -0.223427, 6.87484, -0.200559, 18.5789, 2.25699, 0.244301, 2.33589, 0.386232, 2.10291, -1.08717, 1.8086
102, 8.40012, 5.02359, -3.94158, -4.24245, -1.48206, 0.619378, -1.50421, 0.927986, -1.54012, -0.665356, -0.0952949, -0.155468, -0.202748, 2.96319, 0.518804, 15.9459, 2.23024, 0.389788, 3.44006, 0.49846, 1.75543, -1.19395, 2.00247
103, 11.1863, -2.63648, 2.897, -6.10805, -2.78862, 0.110871, -1.50074, 0.452385, -0.881277, -0.299678, -0.0408935, -0.122286, -0.0214003, 1.53541, 0.893374, 16.1839, 2.62052, 0.453601, 4.34845, 0.639512, 1.33158, -1.39029, 2.33352
104, 7.63006, -5.23814, 2.60591, -5.91594, -2.46122, -0.554525, -2.93851, 0.390607, -0.666281, -0.545765, -0.0377065, -0.144502, 0.0486134, 2.88978, 0.787484, 16.0425, 3.50602, 0.515062, 5.27909, 0.839928, 1.78088, -1.64942, 1.63852
105, -1.69227, -4.45632, 5.11971, -4.69882, -1.36899, -4.52675, -1.70689, 1.17479, -2.18077, -0.429597, -0.042087, -0.134363, -0.222301, 2.27064, 0.750624, 12.7721, 3.66118, 0.601283, 5.99274, 0.531846, 2.22766, -1.78378, 1.11301
106, -9.49548, 2.2951, -2.40672, -2.68839, -2.18843, -1.84178, 1.35063, 1.45889, -2.68843, 0.481755, 0.203031, -0.225572, -0.337829, 1.16924, 1.05748, 15.4066, 3.37319, 0.67633, 6.71047, 0.971169, 2.16316, -1.82798, 1.82162
107, -16.6415, -1.84755, 2.96151, -0.0145685, -1.62766, -1.50062, -0.694966, 1.62652, -3.21431, 0.184567, 0.0869528, 0.0429897, -0.297672, 5.55211, 0.990979, 19.8884, 5.84621, 0.776503, 8.3906, 1.4757, 1.53715, -1.55494, 2.43449
108, -7.39421, -2.83141, 8.27908, -4.84012, -1.1185, -1.66976, -3.8562, 1.12378, -2.46401, -0.55533, 0.0446668, -0.106659, 0.0806392, 4.27334, 1.25402, 19.7036, 5.67794, 0.864161, 8.96645, 1.67754, 1.49867, -1.13446, 2.6069
109, 18.5373, 0.363421, -41.6203, -18.6445, -0.106853, -5.48595, 0.552755, 2.53919, -5.6508, 0.826293, 0.177456, 0.2153, -0.567235, -11.4373, 3.02604, 15.3372, -0.30752, 1.27581, 9.74264, 2.37772, 2.7713, -0.816526, 4.37647
110, -1.7402, -6.5234, 7.31866, -0.32724, 0.622653, -0.389188, 0.243108, 1.8663, -4.62081, 1.28908, 0.172499, 0.085231, -0.408092, 4.41591, 1.54749, 20.5677, 6.31481, 1.26002, 11.8801, 1.86372, 1.8081, -0.199373, 3.29758
111, -0.101709, -7.92056, 3.57525, -3.99498, -0.0744953, 1.3361, -2.95933, 0.574359, -1.64402, 0.622139, 0.079013, 0.0177683, 0.110126, 3.04948, 1.91296, 20.8044, 6.46048, 1.437, 13.337, 1.96843, 2.26937, -0.0209975, 4.64797
112, 7.62013, -14.5811, -7.97247, -4.4529, -0.454616, -1.02633, 0.826035, 1.71583, -4.57683, 1.51129, 0.144891, 0.139985, -0.247472, -0.789213, 2.70056, 20.0286, 6.11817, 1.66085, 14.7002, 2.22874, 2.94749, 0.24514, 5.2161
113, 8.10047, -10.083, -10.4198, -4.88684, -0.818757, -0.812903, 1.22386, 1.29417, -4.23255, 2.10376, 0.0471039, 0.227423, -0.147567, -2.27057, 2.98892, 19.9624, 5.9787, 1.80468, 16.0173, 2.45517, 3.52299, 0.55826, 5.14182
114, 8.87118, -3.78924, -5.37489, -5.22736, -0.851427, 0.737184, -0.932731, 0.387343, -1.66619, 1.98225, 0.058844, 0.317522, 0.198297, -1.5765, 3.07695, 19.818, 6.78423, 1.98831, 17.5049, 2.70757, 3.88782, 0.500126, 5.20094
115, 4.62407, -6.25909, -15.7222, -2.71409, -0.872881, -1.0622, 1.73323, 0.881569, -3.69997, 2.30504, -0.0337545, 0.27891, -0.15801, -1.40788, 3.30752, 19.1363, 7.90319, 2.20169, 19.4007, 2.75169, 3.74219, 0.504478, 5.49542
116, 0.649536, 1.35744, -8.80957, -2.04386, -0.878982, 0.51525, 1.71484, 0.825196, -3.02716, 2.49454, 0.0333862, 0.280921, -0.182432, -1.53433, 3.43932, 19.2324, 8.5882, 2.37235, 21.3719, 2.86748, 3.78267, 0.6409, 5.93751
117, 2.3242, 9.80369, 12.4333, -4.14278, -1.16238, 2.94045, -0.451909, -0.0831296, 0.272429, 2.77558, 0.0736929, 0.256668, 0.290057, -2.59683, 3.71122, 19.1771, 8.7903, 2.5653, 22.8671, 2.56284, 3.6601, 0.571654, 6.06018
118, -15.5401, 5.08713, 13.856, 1.59415, -2.01279, 1.76038, 3.65267, -0.361864, -0.329167, 3.9502, -0.0509163, 0.516116, 0.330034, -2.77357, 3.83634, 19.0125, 9.30435, 2.64475, 24.1299, 2.95478, 3.79888, 0.400563, 5.77973
119, -13.2801, 19.3592, 8.06256, 3.48244, -2.66259, 2.94359, 5.1065, -0.0125248, -3.01422, 4.15542, -0.0977608, 0.680834, -0.043107, -2.38684, 4.05365, 20.6284, 9.98691, 2.90738, 26.1154, 3.43672, 4.5082, 0.279788, 6.09698
120, 8.36782, 26.0392, 24.6643, -1.32496, -2.32709, 3.5317, 3.0372, -0.316663, -2.29589, 4.15179, -0.0484087, 0.538675, 0.00869497, -3.49868, 4.35151, 20.3101, 10.3264, 3.12622, 27.7789, 3.20171, 4.43316, 0.322502, 6.31786
121, 7.07801, 11.9599, 43.441, -2.46979, -1.54199, 2.19464, 4.7779, -0.945861, 0.437046, 5.27546, 0.0597292, 0.455517, 0.329957, -5.81819, 4.6041, 17.7096, 10.3578, 3.22396, 29.1893, 2.9186, 3.60277, 0.48716, 5.89608
122, 0.0696225, 2.89499, 44.6665, -0.39799, -1.50276, 1.36429, 7.90223, -1.02385, -0.0163695, 6.39711, 0.164072, 0.741716, 0.361219, -6.72678, 4.81536, 17.3611, 10.4984, 3.43714, 30.6535, 2.93433, 3.43056, 0.369491, 4.96275
123, -4.42318, -4.77846, 24.8408, 2.4201, -2.20391, 3.02782, 10.5839, -1.12271, -0.462179, 7.26961, 0.0861519, 1.03587, 0.291274, -6.47629, 4.94118, 18.812, 10.7851, 3.68155, 32.0308, 2.93361, 3.87643, 0.0788557, 4.11486
124, -15.7868, -9.66404, 10.9871, 4.16577, -2.08765, 6.40055, 12.9002, -1.34573, 1.9311, 8.77757, 0.0830314, 1.33932, 0.569127, -6.50948, 4.83634, 18.5448, 11.174, 3.71032, 33.0741, 3.04723, 3.33887, 0.0651461, 3.53705
125, -25.6662, -21.8019, 4.17055, 2.25837, -1.95094, 3.61582, 13.636, -1.04459, 0.814528, 9.1847, 0.17128, 1.31919, 0.55636, -8.11895, 4.67196, 16.991, 10.7553, 3.608, 33.5588, 2.66333, 2.25399, 0.00572018, 2.43642
126, -38.3177, -22.9083, -18.8593, 0.5301, -2.82893, 1.56572, 14.4993, -0.830504, -1.4002, 9.15396, 0.138807, 1.03238, 0.3159, -9.84082, 4.74085, 17.6024, 9.96349, 3.74768, 34.521, 2.92002, 1.41653, -0.2966, 1.60156
127, -37.1719, -2.58173, -32.4149, -2.02805, -3.8375, 4.34028, 15.318, -0.802092, -1.13987, 10.1499, 0.198594, 1.48627, 0.536798, -12.3414, 4.78064, 18.1811, 8.83521, 3.66913, 34.3718, 2.6613, 0.743578, -0.338074, 2.16224
128, -36.0467, 5.87164, -18.1187, -3.24791, -3.24868, 2.79379, 16.2097, -0.992907, -1.59929, 10.6712, 0.11901, 1.19755, 0.590176, -14.2522, 4.72091, 15.8551, 8.13855, 3.66178, 34.4224, 2.38862, -0.286833, 0.0905821, 2.71703
129, -59.9403, 0.579384, -7.97891, 2.39524, -2.47192, -3.19928, 21.2097, -1.21023, -6.85212, 12.1812, 0.162061, 2.20533, 0.243834, -14.0178, 4.09758, 13.5675, 7.21265, 3.50273, 33.9417, 1.89782, -1.52166, 0.669082, 2.76277
130, -75.6298, 7.20851, -2.11813, 2.65418, -3.87565, -4.33427, 20.942, -1.16146, -9.64947, 10.8862, 0.0415543, 2.06612, -0.304993, -14.9098, 3.9223, 14.8835, 5.52487, 3.53371, 32.6449, 2.14141, -1.19835, 1.07812, 3.27973
131, -96.2486, 20.2986, 36.4129, 3.54177, -3.75165, 0.225346, 18.1483, -0.92299, -3.07253, 10.635, 0.141434, 1.50817, 0.404951, -16.4312, 3.87932, 14.5793, 4.18314, 3.51792, 31.6708, 2.16456, 0.422495, 1.2404, 3.79118
132, -115.482, 8.99855, 92.7951, 3.92822, -2.2652, 0.368459, 13.8598, -0.664256, 3.27622, 9.87796, 0.156696, 1.47513, 0.938596, -16.4764, 3.35921, 12.3231, 2.65634, 3.20226, 29.9539, 1.46574, 2.10531, 1.23357, 3.3448
133, -84.0882, -12.1823, 148.519, -8.55931, -1.02094, -6.15094, 2.38378, -0.0263739, 5.45832, 4.93279, 0.0375357, 0.969159, 0.468698, -16.2177, 2.96945, 11.1812, 1.10324, 2.98169, 28.2644, 1.38003, 3.76189, 0.893315, 2.18066
134, -37.8476, -13.1294, 200.786, -20.2977, -1.75615, -13.5313, -6.76961, 0.573892, 3.80859, -0.157119, 0.0106371, -0.0106678, -0.0727374, -15.8431, 2.55921, 11.2242, -0.368495, 2.61013, 25.8243, 1.31157, 5.46295, 0.172697, 0.34993
135, -12.4723, -4.74591, 242.056, -20.5907, -3.48114, -18.7618, -6.44584, 0.662575, -0.610642, -1.49761, 0.117649, -0.245541, -0.287797, -15.7279, 2.21759, 10.2606, -1.84416, 2.19516, 23.1714, 1.34366, 7.08038, -0.531734, -1.63789
136, 5.79125, 3.85889, 268.253, -21.0967, -4.04355, -23.4867, -4.89155, 0.574242, -4.95991, -1.88769, 0.188716, -0.208807, -0.325651, -17.9085, 1.88919, 7.5409, -4.82506, 1.4637, 19.5777, 0.841435, 8.38067, -0.96151, -2.63443
137, 9.55629, 10.3185, 291.605, -16.5238, -4.13149, -23.0871, -1.13017, 0.198976, -6.76081, -1.09221, 0.178629, -0.27788, -0.247323, -19.582, 1.5904, 4.41803, -6.93234, 0.979627, 15.6904, 0.715936, 9.47017, -0.929112, -3.35703
138, -1.30047, 17.83, 312.955, -7.45137, -3.69969, -20.6295, 3.49039, -0.404302, -7.07921, 0.25271, -0.139323, -0.559579, -0.342244, -19.6645, 1.37211, 0.0697325, -7.56612, 0.530973, 12.6661, 0.179175, 10.3274, -0.697847, -3.46829
139, -26.4408, 26.3945, 321.71, 2.45791, -3.75617, -16.6524, 8.25055, -0.543421, -5.96642, 2.32465, -0.0788372, 0.153852, -0.172263, -18.6318, 1.02447, -1.60712, -7.78215, 0.152299, 9.22349, -0.583402, 10.5035, -0.458785, -3.52749
140, -48.7257, 34.4924, 345.535, 10.9055, -2.19744, -11.124, 9.04617, -0.537499, -2.66674, 2.35265, 0.0556677, -0.0707597, -0.0806595, -14.2174, 0.720566, -3.49111, -5.89822, 0.17435, 6.3787, -0.716052, 9.9739, 0.138176, -4.5973
141, -99.1797, 40.5355, 363.073, 20.0339, -2.10123, -3.90954, 14.343, -0.613845, 4.39077, 2.85391, -0.118538, 0.200708, 0.115992, -15.3362, 0.941051, -6.86738, -6.39808, 0.0316679, 3.48509, -0.83912, 8.96505, 1.10142, -5.73324
142, -64.1756, 53.5415, 352.467, 9.48341, -1.43396, -3.18592, 8.93162, -0.73435, 3.25225, 2.06217, -0.0522013, 0.0948664, 0.12091, -18.1289, 1.01893, -6.09315, -7.6539, 0.0816198, 1.00633, -0.483396, 9.47721, 1.87109, -5.46746
143, -71.9713, 61.7925, 340.271, 10.3746, -0.0631104, -1.34532, 6.17262, -0.452419, 5.02894, 0.991552, -0.0251495, 0.0406459, 0.111868, -14.6949, 0.909744, -6.96427, -6.39556, -0.277869, -0.384836, -0.409787, 9.1117, 2.27068, -6.44519
144, -53.9931, 61.8454, 342.946, 4.94718, 1.307, -0.627003, 2.02314, -0.640633, 5.78563, 0.568262, -0.0645348, 0.216009, 0.199029, -13.8882, 1.2155, -7.5381, -6.29463, -0.395627, -1.05715, -0.595783, 8.12693, 2.45942, -7.06381
145, -37.2527, 50.7429, 323.251, 0.491546, 1.78489, -2.45412, 0.953514, -0.218053, 4.48945, 0.547438, 0.151585, 0.245477, 0.0476326, -14.6325, 1.93385, -6.99854, -6.41137, -0.144462, -0.821078, -0.692508, 7.82062, 2.35143, -7.17139
146, -33.6715, 56.1876, 328.262, -0.264042, 0.386972, -0.389121, -0.69931, -0.0363454, 3.31367, -0.147833, 0.0387323, -0.0355471, -0.164943, -12.7718, 1.43193, -4.44384, -7.32789, -0.356668, -1.61407, -0.519188, 6.79104, 2.03186, -7.79381
147, -35.9456, 24.2408, 303.52, -0.57231, 3.32181, -9.80918, -1.84343, -0.115836, 3.48952, 0.188964, 0.0907617, 0.262542, 0.0836364, -9.85526, 1.86736, -8.56251, -6.16757, -0.189946, -1.10475, -0.509539, 5.93195, 1.31233, -7.57732
148, -8.09903, 26.7331, 286.888, -4.71667, -1.49786, -5.30682, -2.48558, -0.164774, 2.46106, -0.14039, -0.0626226, -0.0484074, -0.00924055, -9.75432, 0.752294, -1.38724, -5.08949, 0.0264295, -0.919982, 0.0711803, 4.99829, 0.454035, -7.168
149, 1.89229, 22.8838, 285.905, -3.2585, -1.95064, -5.05635, -2.0377, 0.237247, 1.36724, 0.103846, 0.18209, -0.248199, -0.0579332, -7.92586, 0.689749, -0.152935, -3.84093, 0.214983, -0.487309, 0.0267794, 4.5012, -0.0435876, -5.95004
150, 6.95278, 10.7584, 278.785, -3.57603, -2.51504, -5.20801, -1.17026, 0.0705826, 1.84388, 0.222072, 0.0116143, -0.188108, 0.0599707, -8.74589, 0.913354, -0.739398, -4.12007, -0.0465709, -0.609181, -0.396961, 4.32789, -0.312846, -4.61022
151, 18.348, -3.66926, 265.274, -5.69685, -2.73839, -7.07593, -2.27491, 0.483989, -0.33407, -0.726959, 0.130437, -0.0846691, -0.264102, -8.44535, 0.482959, -0.753547, -3.41051, -0.0193134, -0.556592, 0.0240033, 4.02318, -0.555517, -4.23917
152, 12.2079, -1.85358, 268.512, -2.56908, -3.10908, -5.98186, -1.3454, 0.405367, -0.799992, 0.192763, 0.149595, 0.00978172, -0.0960163, -6.5747, -0.385856, 0.739695, -2.51996, 0.0750504, -0.546548, 0.273453, 3.0766, -0.600909, -3.06054
153, -3.80108, 10.1456, 264.856, 5.28614, -1.14158, -2.56873, -0.720671, 0.226047, 0.581314, 0.755056, 0.213289, 0.181485, 0.166882, -0.0533548, -0.0525597, 2.63055, -1.39066, 0.242141, -0.0980591, 0.0330755, 2.56454, -0.600089, -1.68389
154, 8.56701, 3.25084, 260.133, -2.21271, -1.35368, -5.5744, -1.61785, 0.231312, -1.11959, -0.210852, 0.112901, 0.0185827, -0.161399, -6.20535, 0.77676, -1.36278, -2.03596, -0.0402006, -0.705289, -0.131835, 2.73928, -0.799179, -1.56781
155, 0.576688, 10.4125, 254.544, -0.688287, -1.76306, -2.29882, -2.77723, -0.0809556, 1.69693, -0.155238, 0.17008, -0.149225, 0.181321, -3.60544, -0.613982, 0.548595, -1.95377, -0.442153, -0.872455, -0.0262493, 2.04876, -0.950698, -0.97853
156, -1.33612, 16.3237, 244.085, 0.0643806, -1.54559, -0.743523, -2.34616, -0.281501, 2.78951, -0.13163, 0.0525539, -0.165465, 0.205861, -2.63317, -0.266397, 0.945993, -0.971432, 0.0316125, -0.278936, 0.142387, 1.49434, -0.980428, -0.680027
157, 0.171773, 13.9805, 223.797, 3.35142, -1.0115, -3.30868, 0.900595, 0.127562, -2.04637, 0.26371, 0.172938, 0.202168, -0.351393, -2.82181, 0.296826, 0.390528, -0.855679, 0.0841162, -0.239365, -0.0790051, 2.42682, -1.13897, -0.590997
158, 6.17581, 18.7681, 225.718, 2.98637, -1.79308, 0.150032, 0.456252, -0.0900203, -0.702231, 0.48687, 0.143509, 0.160186, -0.0694068, -2.63472, -0.988628, 2.15125, -1.67568, -0.075216, -0.563601, 0.245146, 1.96222, -1.17046, 0.288382
159, 23.8756, 20.8977, 230.586, -2.81364, -2.0999, 3.95337, -1.98135, -0.287164, 3.7493, -0.146652, 0.125525, -0.0213969, 0.282217, -4.6426, -0.586023, 1.51888, -2.03739, -0.228607, -0.768812, 0.0762103, 1.17252, -1.07402, 1.12079
160, 10.5797, 3.53352, 222.97, 0.510575, -2.2148, 2.90466, 0.53685, 0.0106325, 2.44077, 0.237272, 0.247224, -0.439423, 0.139423, -4.06686, -0.697579, 1.46404, -0.956296, -0.171947, -0.652399, 0.0683638, 0.496274, -0.877958, 1.0079
161, 8.45572, -1.98697, 224.016, 3.34524, -1.42634, -0.251098, 1.83004, 0.0371596, -1.28359, 1.05836, 0.216357, 0.231971, -0.11988, -0.862916, -1.91008, 2.51424, -0.211969, -0.430876, -0.549571, 0.221869, -0.308757, -0.709125, 0.757221
162, 4.28245, 7.02999, 219.87, 2.17804, -0.911965, 2.56535, -1.2754, 0.168571, -0.857226, -0.29626, 0.113556, -0.119544, -0.344725, 1.35887, -2.19537, 4.40015, 0.334038, -0.170253, -0.578342, 0.212343, -0.458985, -0.814434, 0.482647
163, 24.0139, -3.61308, 238.741, -11.6905, -0.244429, -6.33415, -0.689453, 0.375554, 0.31692, 0.0607928, 0.19915, 0.152678, -0.090419, -12.0882, 4.32962, -6.68477, -3.16503, 0.071335, -0.518736, -0.847507, -0.669416, -0.964456, 0.202711
164, -7.69761, 10.8008, 242.396, 6.60656, -1.61368, 4.98795, -0.968422, 0.416821, 0.164541, 0.489394, 0.19004, 0.380773, 0.0899618, 3.56646, -3.96673, 8.5743, 1.86517, -0.223193, -0.0483018, 0.500188, -0.922723, -1.07869, 0.357731
165, 3.54783, 10.0011, 261.317, -0.153417, -0.00171986, -2.14199, -0.706244, 0.509698, 0.196454, 0.462619, 0.275263, 0.197116, 0.0500441, -2.77757, 0.741904, 0.0386969, -0.273405, -0.260178, -0.875454, -0.854171, -0.900622, -1.35294, -0.166937
166, -4.53803, 13.1351, 270.861, 3.94073, -0.915709, -0.311934, -0.431517, 0.551169, -0.846394, 0.173065, 0.217187, 0.015402, -0.0244569, -0.869321, -0.982477, 2.33278, 0.761821, -0.625633, -0.157981, 0.0972174, -0.422705, -1.73585, -0.0743775
167, 0.657499, 12.9074, 269.113, 7.33897, -1.42391, 2.70905, -0.0856287, 0.491353, -1.37251, 0.0209769, 0.240034, -0.0191207, -0.052648, 1.89226, -2.91648, 7.02229, 1.92208, -0.496154, 0.488568, 0.933356, 0.189541, -1.95509, 0.179806
168, 5.81366, 12.0204, 271.645, 4.55453, -0.894499, 1.28487, -0.920935, 0.425718, -1.03223, -0.297265, 0.15303, -0.129271, -0.0973545, -0.497229, -1.49866, 4.60684, 1.00723, -0.551587, -0.281156, 0.376356, 0.687969, -1.9486, -0.100485
169, 8.78959, 17.0318, 291.1, 5.99952, -0.551808, 2.14508, -1.47463, 0.280884, 0.341216, -0.482164, 0.0828366, -0.302809, -0.0181347, 0.242513, -1.16875, 3.362, 2.07807, -0.505815, 0.431735, 0.276702, 1.111, -1.77725, -0.141914
170, 12.8266, 12.8872, 299.02, 8.62052, 0.571284, 1.7757, -0.649231, 0.317336, -0.269051, 0.0616521, 0.301527, -0.0909064, -0.00509965, 2.02484, -1.43745, 3.71107, 2.87686, -0.217755, 0.801486, 0.372498, 1.58339, -1.61129, 0.186975
171, 2.38839, 8.73911, 304.797, 10.2319, 1.07673, -2.43633, 0.835144, 0.418391, -1.96501, 0.377375, 0.443724, 0.0891305, -0.113368, 1.95701, -1.26582, 3.45017, 2.76717, -0.128158, 0.226278, 0.386555, 1.05375, -1.81343, -2.66444
172, -8.22931, -4.17748, 318.075, 15.9246, 1.78433, -2.49426, 1.09384, 0.382774, -1.64087, 0.244592, 0.292183, 0.110444, -0.0719885, 3.97586, -1.10035, 3.21419, 3.9182, -0.0827941, 0.302316, -0.0565439, 2.05328, -1.44476, -3.28348
173, -3.42983, -10.7077, 334.642, 18.5861, 2.95874, -3.66689, -0.404231, 0.328332, -0.582428, -0.119122, 0.299091, -0.297898, -0.041992, 7.22889, -1.18571, 3.31539, 5.68441, -0.0839344, 0.529148, -0.0291717, 2.52851, -1.13128, -5.30597
174, 0.204868, 2.62549, 359.319, 24.24, 1.82794, -0.0498792, 3.06406, 0.443081, -0.373786, 1.00336, 0.339629, 0.176149, -0.00982377, 8.20855, -0.780519, 3.78664, 7.34866, -0.0180927, 1.74915, 0.153347, 3.26336, -0.903176, -5.9678
175, -59.7824, 31.0144, 347.248, 42.5484, 5.96643, 0.575914, 1.23722, 0.355394, 0.14543, 1.13844, 0.300647, 0.444554, 0.0443926, 23.6128, -3.2355, 9.01393, 9.38855, -0.236641, 1.45024, 0.146232, 3.61202, -0.919784, -3.94078
176, 70.0415, -45.8678, 412.791, 10.9842, 2.37483, -14.1378, 0.581848, 0.219921, -1.2441, 0.849658, 0.334709, 0.111878, 0.00147969, 1.32075, 1.20967, -7.03287, 7.84534, 0.0491241, 2.24852, -0.693842, 3.40576, -0.0286745, -8.02214
177, 13.4035, 23.9783, 365.498, 27.2942, 3.56672, -10.1754, 0.787322, 0.327992, 0.609576, 0.867587, 0.314594, 0.124381, 0.0099245, 13.8246, -0.884189, -2.90893, 8.3089, -0.148864, 0.0853145, -0.804188, 4.52405, 0.238499, -5.08988
178, 2.97045, 35.5836, 353.651, 28.524, 2.49489, -10.5714, 2.73891, 0.449007, 0.725421, 1.4637, 0.314786, 0.26534, 0.0419611, 13.1944, -0.855213, -4.47537, 9.50212, 0.159852, 1.85712, -0.61774, 4.73973, 0.688467, -2.44346
179, 10.9142, 46.9701, 338.244, 25.1088, 1.37288, -15.5134, 2.51509, 0.50622, 0.580866, 1.62623, 0.372843, 0.420258, 0.00492511, 10.7737, -1.34191, -6.89181, 9.45789, -0.0750125, 1.5409, -0.879814, 4.47776, 0.549105, -3.35315
180, -6.2694, 26.2434, 339.847, 27.8961, 2.88358, -17.6256, 1.07859, 0.537172, 0.592678, 0.821263, 0.368125, -0.0902516, 0.00318206, 15.2045, -1.92656, -4.68058, 11.2263, 0.0129605, 1.86951, -0.742565, 3.05112, 0.907556, -3.86732
181, 29.7528, 49.5787, 341.221, 24.5473, 3.71668, -9.07984, -0.384774, 0.503292, 0.486019, 0.938572, 0.423797, 0.326854, -0.0336241, 14.1003, -1.6448, 0.778611, 10.9396, -0.232076, 1.42344, -0.702111, 4.13024, 1.50521, -3.1071
182, 45.6286, 4.465, 352.81, 18.7914, 5.11858, -10.5189, -1.24051, 0.314401, -0.729659, 0.27512, 0.299651, -0.233983, -0.308482, 14.5282, -0.725557, 1.29344, 10.5815, 0.285268, 1.2305, -0.566419, 1.92939, 2.02195, -5.1243
183, 14.5797, 0.328862, 381.453, 31.596, 3.99232, -5.19774, 4.1172, 0.672287, 0.92318, 2.21399, 0.373099, 0.782121, 0.038776, 17.5422, -0.829636, 4.83859, 10.2752, 0.106492, 0.789435, -0.179571, 1.89569, 1.7657, -4.88567
184, -12.8893, -6.17925, 393.257, 35.0744, 4.91068, -2.56132, 4.95904, 0.702838, 2.02248, 2.08796, 0.455058, 0.138068, 0.134185, 19.5774, -0.6617, 7.18838, 11.222, 0.259578, 3.35262, 0.459103, 0.818822, 1.81263, -4.30514
185, 119.568, -16.493, 386.473, -5.11597, 18.1883, -8.34404, -18.8404, -0.997897, -4.82561, -1.90029, 0.128754, -0.19436, -0.241604, 14.0125, -1.15373, 4.23585, 7.64976, -0.298829, 1.84902, 0.115007, 2.7618, 2.15743, -5.08122
186, -93.8559, 12.0715, 412.657, 35.7298, 3.54083, -0.891331, 7.4799, 0.449939, 2.52217, 2.26522, 0.268393, 0.295588, 0.0758279, 9.26495, -1.58112, -0.477624, 4.34168, -0.380839, 0.251793, -0.406127, 3.22969, 1.95981, -1.18291
187, -45.3819, 20.3085, 451.433, 21.693, 6.11731, -2.92282, 1.28719, 0.230872, 0.564349, 1.34075, 0.301371, 0.473804, -0.0713199, 3.27054, -1.33057, -4.37648, 3.14291, -0.5426, 0.818304, -0.497818, 4.56816, 1.70921, -0.503396
188, -3.62074, 31.8489, 492.917, 6.96726, 7.90627, 0.674837, -1.74373, -0.0510664, -0.819446, 0.906744, 0.223678, 0.162989, -0.0521794, -4.01643, -0.340412, -3.44537, -0.391408, -0.423977, -0.897952, -0.252153, 3.97113, 1.62075, 0.88165
189, 17.4909, 13.1056, 483.125, 5.8878, 8.18193, 5.03787, 0.344101, 0.24433, -2.02653, 1.41684, 0.324291, 0.612355, -0.246531, -5.30131, 0.462351, 1.4944, -1.29859, -0.0966194, -0.670604, 0.381977, 5.75079, 1.83222, 3.60122
190, 70.623, 32.1844, 471.158, -7.15877, 15.8164, 12.5688, -12.8332, 0.482172, -5.43856, -1.60379, 0.20803, -0.082597, -0.45394, -1.31051, 0.211664, 7.58763, -1.84831, -0.122693, -1.08524, 0.123153, 7.35369, 2.31301, 7.67785
191, 46.3169, 6.37444, 486.81, 4.53341, 7.65428, 15.5966, -3.97259, -0.100243, 2.56573, 1.3946, 0.250892, 0.443451, 0.310264, -0.352276, 0.735102, 6.63283, -1.02592, 0.111382, -1.4036, -0.0572428, 6.65991, 2.02085, 9.35622
192, 28.8573, -44.3221, 421.63, 5.4661, 7.06179, 5.7826, -4.24824, 0.230655, 0.455249, 1.08399, 0.109031, 0.100183, 0.162782, 1.19148, -0.0719869, 2.95384, -1.22375, -0.176649, -1.55088, 0.368191, 6.9588, 1.11017, 9.27141
193, 24.9791, -21.7652, 389.258, -3.43655, 6.87558, 12.019, -15.2393, 0.495289, 3.92966, -3.361, 0.027886, -0.615307, 0.200598, 5.28846, -0.205633, 4.20657, 0.902101, 0.117236, 0.169053, 0.366454, 5.6153, 0.455011, 8.76625
194, 33.2023, 7.74704, 376.06, -21.266, 2.58911, 18.2141, -29.3559, -0.537277, 13.5028, -7.89904, -0.229792, -1.34757, 1.11912, 5.03904, 0.374694, 2.50662, 1.401, 0.389661, 0.341839, 0.0238547, 3.218, -0.595933, 6.11688
195, -1.64324, 16.4116, 344.754, 10.0216, -5.74306, 7.23609, 6.81543, -2.99088, 7.16522, 5.08965, -0.108535, 0.417022, 0.816791, -6.27582, 0.756707, -1.94216, -2.15735, 0.0569963, -1.7544, 0.0728132, 2.81204, -0.201758, 1.52939
196, -0.540473, 15.7814, 344.948, 9.74091, -5.29236, 6.45532, 5.87117, -3.24472, 6.90432, 4.85187, -0.143516, 0.265205, 0.799625, -5.61145, 1.26362, -2.39635, -1.39348, 0.521414, -0.959469, -0.383055, 2.87682, -0.224152, 1.61606
