0, -16.9459, 21.2827, 297.235, -26.852, -4.92385, -2.74571, 13.9026, -0.104527, -10.0078, 1.98558, 0.00794739, 0.0785964, -0.0657608, 2.36717, 1.14321, -1.00991, 1.96034, 0.937477, 1.74196, -0.371379, 0.591953, -0.158793, -0.574725
1, -71.3933, 1.53794, 273.53, -7.80801, -1.18062, -1.02804, -1.21864, 1.69294, -3.60948, 1.16968, 0.227451, -0.168668, -0.124212, 2.12274, -0.480907, 0.577164, 1.58714, -0.482916, 0.936686, -0.0934388, 0.498886, 0.0200497, -0.263688
2, -84.0033, -2.04617, 267.114, -1.9033, -0.564082, -0.834439, -3.00331, 1.5148, -2.8633, 0.941732, 0.174339, -0.231338, -0.0826467, -0.850744, -0.564725, 0.47779, -0.00525962, -0.136935, -0.183381, 0.0478669, 0.402667, 0.0826413, -0.16011
3, -94.2898, -0.578512, 265.763, 1.21245, 0.201929, -0.933207, -4.264, 1.28069, -2.57617, 0.565716, 0.135086, -0.298791, -0.0653978, -2.26845, 0.0562339, 0.438937, -0.690073, 0.672462, -0.634606, 0.226021, 0.390463, 0.12746, -0.0695246
4, -7.18858, 35.2346, 327.137, -30.0325, -4.54268, -8.05111, 13.312, 1.07622, -9.06904, 1.51892, -0.0305544, -0.197331, -0.090273, 2.75114, 0.930414, -2.00326, 1.62534, 0.278168, 1.20294, -0.184651, -0.243417, 0.397895, 1.0597
5, -105.556, -15.9602, 232.701, 3.61894, 1.60805, 1.08104, -9.28179, 1.51511, -0.351705, 0.372507, 0.232125, -0.292483, -0.0766495, 1.62773, 0.320494, 1.59575, 1.26947, 0.135083, 0.516028, -0.0225672, 1.3704, 0.546838, 1.75207
6, -97.5236, 1.84904, 281.745, -4.30011, -0.727612, -1.62062, -5.54333, 1.2543, -2.5291, 1.02868, 0.151932, -0.273958, -0.0983138, 2.28756, -0.132961, 0.164921, 1.11078, -0.460904, 0.123642, 0.0965783, 1.67026, 0.280729, 2.04081
7, -82.7708, 4.37331, 300.221, -10.028, -1.88175, -1.56151, -1.27778, 1.07236, -4.61999, 1.54237, 0.00662714, -0.36943, -0.0335484, 0.496304, -0.082674, -0.0653292, -0.0602767, -0.234683, -0.66949, 0.0545163, 2.58938, 0.376242, 2.61161
8, -70.152, -3.93063, 304.596, -13.7536, -2.09769, 0.119616, 0.290721, 1.10658, -5.17813, 1.69625, -0.139857, -0.224328, -0.0751331, 0.392064, 0.389267, 0.535428, -0.869463, 0.13038, -1.67421, 0.192505, 3.28816, 0.32359, 4.05778
9, -71.6324, -9.06622, 313.967, -18.4801, -3.50413, 1.38054, 1.60176, 0.875599, -4.88938, 2.04699, -0.267759, -0.20935, -0.0681131, 3.42431, 0.324102, 0.619351, 1.09712, -0.656741, -0.320206, 0.101266, 3.32232, 0.244621, 4.52753
10, -71.0129, -33.1901, 301.843, -20.8875, -4.44948, 6.16169, 4.71179, 0.592816, -5.34174, 3.2826, -0.311004, -0.246539, -0.0720967, 1.65344, 0.729698, 2.25049, 0.743603, 0.0672502, -0.218234, 0.0619873, 3.94307, 0.240757, 4.66732
11, -76.3287, -45.243, 309.707, -20.1116, -5.51642, 6.88979, 4.66061, 0.0721954, -5.56007, 3.69756, -0.386686, -0.247005, -0.0938715, 0.421413, 0.491697, 2.53503, 0.458351, 0.0116906, -0.443055, 0.142923, 4.18947, 0.264464, 4.65688
12, -91.9422, -40.308, 324.519, -17.8911, -5.7808, 6.46373, 3.91183, -0.612449, -4.76857, 3.86011, -0.332101, -0.114531, -0.00694818, 0.660571, 0.146092, 1.71461, 0.92925, -0.30735, 0.0382942, 0.110674, 3.62536, 0.415899, 4.00557
13, -88.3568, -31.2141, 329.348, -18.6893, -5.01038, 6.34265, 5.00856, -0.823688, -4.32714, 4.20257, -0.318028, -0.155847, -0.0218488, 1.42457, 0.606278, 1.16837, 0.893624, 0.166812, -0.121944, 0.0271813, 2.85198, 0.490105, 4.32516
14, -94.2951, -23.2818, 334.802, -16.9801, -4.08622, 6.13119, 4.35735, -0.894196, -2.36208, 4.19676, -0.251083, -0.219908, 0.00135257, 2.28897, 0.332684, 0.362163, 0.79791, -0.161771, -0.663157, 0.215073, 2.30382, 0.438222, 4.62918
15, -116.619, -13.6664, 327.56, -14.0262, -2.66708, 7.9262, 5.19181, -0.788211, -0.895649, 4.59022, -0.228404, -0.147128, -0.0339733, 1.19726, 0.641738, 0.641094, 1.81647, 0.315586, 0.951475, -0.268351, 1.89959, 0.628381, 3.76728
16, -123.417, 6.30341, 315.074, -10.9956, -2.11941, 7.00897, 7.2849, -0.25477, -1.1317, 5.13326, -0.150963, -0.0595197, -0.0309746, -1.4638, -0.49258, -0.0469525, 0.241996, -0.00250291, -0.0621692, -0.0119292, 1.61446, 0.671995, 3.74351
17, -123.095, 17.0035, 314.015, -11.3543, -1.33083, 5.59148, 8.4046, 0.104297, -0.609059, 5.59435, -0.157391, -0.0558328, -0.0313763, -0.585364, -0.631003, -1.3307, 0.865742, -0.352049, 0.393619, 0.088264, 1.1195, 0.566045, 4.31829
18, -136.457, 16.1327, 321.994, -8.56972, -0.891439, 4.35558, 6.55758, 0.162071, -0.715052, 5.54911, -0.157309, -0.0450439, 0.0129838, -1.52924, -0.371862, -1.36409, 1.15065, -0.0157347, 0.990592, -0.180872, 0.672698, 0.560561, 4.3583
19, -143.041, 14.4799, 312.613, -6.78324, -0.576889, 4.77079, 7.18747, 0.312133, -1.17814, 5.95366, -0.107659, 0.00785116, 0.00906726, -2.77295, -0.613683, -1.57106, -0.164079, 0.201524, -0.432812, 0.0137671, 0.441368, 0.665482, 3.83739
20, -135.668, 6.89182, 306.683, -10.6978, -1.5026, 5.51294, 10.5999, 0.623304, -1.95415, 6.69773, -0.0414306, 0.11776, -0.0610238, -1.95061, -0.928185, -1.95003, 0.477437, -0.251952, -0.195082, 0.060478, 0.65112, 0.72256, 3.09908
21, -117.95, -3.32507, 319.222, -12.1343, -3.24992, 2.91144, 10.1399, 0.732238, -4.32489, 6.66517, -0.0726054, 0.173333, -0.0657641, -3.53366, -1.01596, -0.635832, 0.613861, -0.0122011, 0.607166, -0.174158, 1.07469, 0.768317, 3.18119
22, -103.422, -13.1408, 356.828, -12.9935, -4.38781, -0.303359, 7.08509, 0.963223, -5.15889, 5.84459, 0.0899632, 0.114166, -0.0164659, -3.63895, -1.30526, -0.0485711, -0.151595, -0.182095, -0.364476, 0.11064, 1.73718, 0.606643, 3.35868
23, -104.664, -23.8777, 380.339, -11.5395, -3.21837, 1.2891, 4.70232, 1.16245, -1.89642, 4.29236, 0.150212, -0.234558, 0.0554588, -3.27359, -0.605174, 0.540861, 1.81549, 0.16612, 2.30282, -0.536388, 2.32208, 0.578196, 2.21935
24, -119.981, -19.551, 303.081, 0.63714, 0.285557, 9.41779, 1.39314, 1.04876, 3.37, -0.2304, 0.185601, -2.25422, 1.10605, -6.73939, -1.69988, 0.876659, -0.815875, 0.100912, -0.300457, 0.0408877, 3.3775, 0.420446, 0.90771
25, -124.127, -9.80326, 264.557, -0.665497, -1.31913, 8.11374, 2.91216, 0.940196, -1.06332, -0.764857, 0.107516, -3.38453, 1.78869, -6.48163, -1.69666, 1.07112, -0.750389, 0.0872003, -0.101112, 0.114189, 4.54113, -0.0850734, -0.0790766
26, -115.53, -11.3663, 237.699, -11.7816, -5.8973, 8.69315, 13.6083, 0.596196, -7.44064, 3.51004, -0.1889, -3.6534, 2.31394, -6.20024, -2.1779, 1.99512, -0.055202, -0.601787, 0.439775, 0.172121, 5.48352, -0.577999, -1.18232
27, -118.726, -13.9758, 169.619, -13.5449, -7.89278, 13.0639, 18.9478, 0.260886, -10.7815, 3.06456, -0.385885, -4.26134, 2.97798, -8.26546, -2.39897, 3.60344, -0.497641, -0.207101, 0.390634, 0.116781, 6.80809, -0.887068, -2.52231
28, -111.924, -17.8968, 140.274, -13.5918, -7.2388, 17.5373, 20.6542, 0.0448214, -7.96177, -0.38745, -0.47559, -3.57186, 3.24405, -7.82647, -2.70197, 2.48218, -1.15224, -0.376138, -0.412779, 0.352316, 7.29121, -1.00039, -3.40343
29, -98.2664, -19.3731, 130.645, -14.3977, -6.52549, 20.825, 20.7271, -0.0891805, -5.05801, -4.61199, -0.411128, -3.10472, 3.15964, -6.76948, -2.32484, 1.56889, -0.525854, -0.0664666, 0.193978, 0.164426, 7.29244, -0.908979, -3.96747
30, -83.9035, -16.2949, 107.449, -14.7503, -7.71639, 20.1238, 19.2823, 0.197929, -8.72065, -7.41676, -0.237038, -2.64457, 2.78395, -6.89227, -2.3303, 2.32596, 0.43972, 0.146564, 0.754635, -0.0742637, 7.2986, -0.226397, -3.90165
31, -61.0639, -10.2104, 88.0791, -19.0298, -6.12579, 16.3219, 17.6881, 0.919791, -12.1363, -10.0725, -0.0558156, -2.11653, 2.60248, -2.17895, -1.09391, -0.663107, 1.50126, -0.232152, -0.140578, 0.192133, 7.28702, 0.772808, -4.22984
32, -42.709, -10.206, 89.9655, -19.1052, -3.01034, 13.9129, 14.9545, 1.63635, -12.2303, -13.2871, 0.0225521, -1.72146, 2.18395, -0.0361932, 0.0202362, -4.42326, 2.39734, -0.0887818, 0.381057, -0.0436435, 6.72003, 2.00918, -4.61219
33, -35.0309, -18.5991, 61.8049, -9.2364, -0.682258, 11.0747, 10.2439, 1.83911, -13.9981, -14.2724, 0.122057, -0.934674, 2.00115, -4.07451, -1.04071, -8.51465, -0.283707, 0.0863268, -1.49993, -0.0747533, 6.11156, 3.1054, -4.8173
34, -33.2767, -23.5282, 5.84716, 2.21627, 1.80511, 5.14207, 2.16869, 1.49459, -16.8709, -14.8594, 0.226222, -0.358166, 1.78113, -5.55433, -2.21145, -12.0334, -2.12496, -0.562412, -1.52461, 0.398803, 6.33545, 4.0968, -4.89297
35, 58.9658, -11.6114, 10.8463, -26.1205, -3.74422, 11.8004, 25.0552, 5.99094, -16.3105, -11.7226, -0.0379416, 0.520538, 1.50555, -9.70226, -3.75848, -5.69629, -3.10456, -0.619155, -0.176946, 0.299227, 6.4608, 4.78116, -5.71045
36, -14.7721, -14.0551, -48.5883, 6.78697, 1.87829, 3.00015, -2.92438, 2.20963, -20.2414, -14.9384, 0.0585954, 1.14631, 1.31196, -8.74998, -3.18268, -6.92308, -3.65291, -0.754506, -0.933436, 0.287308, 6.78878, 4.8543, -5.39388
37, 7.32093, 9.87815, -50.0582, -0.21391, 2.46511, -1.71454, 1.20167, 3.02295, -20.5874, -12.5559, -0.106383, 2.05914, 1.28731, -7.17711, -1.8795, -7.24718, -3.12108, -0.612312, 0.005693, 0.283431, 6.48643, 4.56719, -5.68487
38, 6.69992, -0.573105, -3.68013, -5.56661, 2.94503, 1.15197, 1.72905, 2.88691, -19.1163, -10.8565, -0.254507, 2.82829, 1.21498, -4.07612, 0.0373408, -6.72401, -3.8473, -0.219792, -0.928783, -0.0373353, 4.82272, 3.75822, -7.08177
39, 15.8093, 17.4551, -63.9562, -3.12893, 1.90167, -3.75473, 0.499284, 2.53618, -19.6722, -9.36351, -0.37844, 3.533, 1.09962, -3.55715, -0.0870964, -4.34013, -2.09479, -0.290693, 0.858528, -0.0773035, 5.49754, 2.85598, -5.23581
40, 14.699, 27.5043, -48.7679, -3.98079, 1.639, -4.99721, 1.3232, 2.35602, -19.3757, -7.60878, -0.498578, 4.18538, 1.00341, -1.41443, 0.527882, -3.96262, -1.77323, -0.342938, 0.454914, -0.053299, 3.74088, 1.83759, -4.37785
41, 5.87528, 24.221, -54.247, -2.34487, 0.983512, -4.16946, 0.0676865, 1.7963, -18.3857, -6.17514, -0.548658, 4.88067, 1.0205, 0.645181, 1.03425, -1.41841, 0.775912, -0.192196, 2.17049, 0.0566357, 2.56937, 0.980628, -3.38703
42, -25.8119, 3.41832, -20.5493, 8.6969, -2.41148, 3.62801, -1.84944, 1.30667, -17.3644, -5.14073, -0.562619, 5.46542, 0.985221, -8.7722, -2.94959, 2.68235, -2.12116, -0.231385, 0.305708, 0.351824, 0.996457, 0.426257, -4.1295
43, 8.69384, 21.1143, -28.7604, -1.3515, -0.586984, -3.5463, 1.19662, 1.24094, -16.9843, -3.66011, -0.622764, 6.04916, 0.89652, -0.520402, 0.101193, 0.851003, -1.0934, 0.104921, 0.521918, -0.0300964, 0.719766, -0.272245, -2.74964
44, 2.95871, 13.9782, -11.6067, 1.74952, -1.009, 1.58191, 0.596839, 0.877317, -15.4567, -2.92902, -0.625231, 6.75523, 0.870607, -2.72524, -0.770209, 1.24666, -1.44283, 0.0385991, -0.436449, 0.21965, -0.262217, -0.114841, -2.1257
45, 4.48727, 8.93621, -23.7083, 3.3173, -0.368036, 2.3188, -0.541503, 0.675099, -13.7442, -2.45035, -0.601758, 7.25877, 0.780169, -2.39002, -0.499836, 1.98814, -0.953952, 0.311506, 0.305342, 0.0952319, -0.301377, -0.0286415, -1.20394
46, -8.21834, 0.372681, -13.4143, 3.01333, -1.82777, 3.37411, -1.85331, 0.515325, -12.6436, -1.89468, -0.601764, 7.87231, 0.626087, -4.43945, -1.31903, 2.94677, -1.25647, 0.373101, 0.140734, 0.0709806, 1.71495, -0.656036, -2.61741
47, -11.654, -3.41902, -7.96525, 0.286683, -1.77429, 0.723094, -6.40801, 0.157173, -11.815, -1.67136, -0.560961, 8.54915, 0.46355, 0.559405, -0.821217, 3.13352, -0.156369, 0.0708972, 0.101483, 0.226364, 3.00768, -1.37746, -2.74213
48, -6.71718, -2.99785, -2.32966, -0.74714, -2.2942, 2.60905, -2.81765, -0.0076771, -10.756, -0.376959, -0.615912, 9.06113, 0.486495, -1.25355, -0.707155, 0.83208, -0.656533, 0.310288, -0.457244, 0.177997, 2.49078, -1.41626, -1.72373
49, 14.3437, -2.85731, -32.2508, -6.49156, -0.841167, 1.00032, -0.795666, -0.122928, -10.6716, 0.550122, -0.739925, 9.67077, 0.240013, 3.74962, 0.807746, 4.26182, 1.43399, 0.420151, 0.118292, -0.172688, 2.2744, -1.29816, -0.839116
50, -0.393869, -1.2594, 15.1694, 0.724494, -2.54622, 2.74794, -3.00864, -0.317644, -10.4003, 1.17847, -0.766871, 10.4604, 0.186312, -3.09498, -1.13978, 1.10072, -0.320654, 0.241549, -0.229981, 0.203323, 1.64502, -1.06613, -2.24379
51, -6.56859, 5.09298, -11.7524, 5.13791, -1.64386, -0.0161553, -4.68953, -0.119984, -10.5772, 1.46877, -0.852366, 11.0227, -0.0884526, -2.29225, -1.07706, 0.917015, -0.397041, 0.107235, -0.751704, 0.350386, 1.29416, -1.25602, -1.78182
52, -5.54692, 3.17515, -10.58, 6.75329, -0.632971, 2.29635, -5.13253, 0.03339, -9.38555, 1.69229, -0.896861, 11.615, -0.128902, -1.86291, -0.910773, 1.35843, 0.353944, 0.287939, -0.134958, -0.00754258, 0.0210213, -0.8719, -0.658426
53, 6.59966, 1.73459, 5.59865, 4.43479, 0.327875, 3.33619, -3.56582, -0.0525742, -9.35176, 2.82171, -0.888676, 12.5367, -0.196791, -0.865714, -1.16464, 2.54773, 0.545311, 0.118089, 0.212286, 0.0390945, -1.77325, -0.0831572, 0.331814
54, 4.48399, -4.56443, -1.239, 3.35306, 0.34446, 2.72789, -2.44069, -0.0140231, -9.55689, 3.75186, -0.801339, 13.2253, -0.198814, -1.34561, -0.863283, 3.39816, 1.3163, 0.288489, 1.0572, -0.289533, -1.04041, -0.342472, -0.245472
55, -6.04446, -4.70031, -24.8511, 10.2506, 0.210027, 2.88441, -6.39785, 0.620414, -7.95609, 3.02435, -0.840506, 13.9355, -0.26365, -4.51309, -0.971355, 2.85178, -0.158549, 0.0514691, 0.113937, -0.149029, 0.637234, -1.05018, -1.81028
56, 2.25268, -2.95507, -37.6765, 8.27336, -0.116206, 4.99365, -7.28444, 0.895125, -6.06431, 3.29508, -0.873711, 15.008, -0.321031, -2.96889, -1.7301, 3.98738, -0.100983, 0.0247963, -0.0925513, 0.0933326, 1.05734, -1.07796, -1.85543
57, 6.55233, -10.1374, -21.8723, 0.447114, -0.776237, 2.53502, -4.27, 0.545285, -8.12564, 5.12366, -0.804892, 15.8041, -0.328099, 0.100114, -1.9052, 4.59645, 1.62314, -0.202435, 0.86708, -0.290838, 1.26829, -1.03966, -1.30953
58, 5.00216, -23.4049, 23.7692, 0.759967, 0.0243255, 5.03161, -6.05571, 0.77239, -8.55204, 5.61518, -0.79717, 16.6842, -0.388021, -2.69104, -0.682784, 3.46425, 1.99039, -0.00394873, 0.349783, -0.233172, 1.75775, -1.10402, -3.00415
59, 0.976804, -6.87401, -19.0027, 5.41557, 1.04092, 2.1805, -9.66499, 1.45411, -7.9295, 5.91059, -0.800406, 17.7571, -0.48233, -1.44045, -1.39969, 5.23729, 0.916445, 0.134753, -0.020092, -0.102778, 2.09326, -1.16083, -3.44375
60, -3.47085, -5.13336, -7.8639, 5.314, 1.01972, 4.17923, -10.171, 1.57261, -7.64561, 6.9329, -0.809081, 19.0687, -0.458514, -1.42983, -1.8156, 5.91721, 1.02219, -0.0952401, -0.44406, 0.233903, 1.70067, -1.15599, -3.34494
61, 4.25927, -4.23109, -0.805255, 2.14473, 1.20443, 5.56707, -10.1335, 1.62216, -8.04764, 7.69391, -0.835908, 20.3292, -0.5945, -0.365653, -1.84929, 7.01559, 1.46827, 0.153424, -0.353026, 0.170121, 1.69725, -1.1477, -3.788
62, 11.8328, 5.66903, 13.0056, -2.23965, 1.88649, 4.09525, -10.0972, 1.72998, -9.01607, 8.58177, -0.790985, 21.6498, -0.629093, 2.05081, -1.91589, 7.94454, 2.7647, 0.26058, 0.157941, 0.00775489, 1.67319, -1.07036, -4.7187
63, 11.4907, 3.85001, 8.11612, -0.251774, 2.50476, 6.20387, -12.0785, 2.00372, -7.94501, 9.23175, -0.784212, 23.1742, -0.705104, 2.321, -1.73578, 8.30962, 2.80478, 0.367343, -0.207966, 0.192128, 1.70759, -0.919823, -5.79683
64, 6.6071, 15.9831, 5.64422, 1.8458, 4.35461, 4.86392, -15.7142, 2.49376, -7.86742, 9.88709, -0.7706, 25.0318, -0.810312, 3.89711, -1.37162, 9.07369, 3.8098, 0.391099, 0.0744337, 0.270012, 1.7276, -0.661022, -6.98199
65, 8.37026, 31.2927, 40.144, -2.21234, 5.50558, 1.54719, -14.7515, 2.39195, -9.37601, 10.7637, -0.834721, 26.81, -0.985053, 5.01858, -0.68604, 8.85401, 4.28974, 0.360058, -0.25671, 0.211154, 1.45871, -0.756877, -7.65675
66, 18.195, 28.6796, 49.9941, -6.06442, 4.80899, 2.04856, -13.148, 2.20984, -8.68267, 11.5192, -0.912067, 28.7644, -1.07057, 7.21208, -0.369926, 8.3666, 5.25441, 0.208811, -0.15654, 0.0923516, 1.35111, -0.834131, -8.16385
67, 17.5592, 25.7236, 37.3364, -2.01806, 4.32796, 2.11684, -14.8413, 2.45026, -7.65475, 11.6188, -1.03929, 30.6321, -1.36581, 7.14833, 0.124691, 5.92491, 5.44822, 0.00718266, -0.112686, 0.102425, 1.49858, -0.830776, -8.29456
68, -2.3113, 30.1056, 16.548, 9.22176, 5.51017, -2.20603, -22.6405, 3.54056, -7.24276, 10.9991, -1.22082, 32.5799, -1.47513, 8.30828, 0.324608, 3.06578, 6.23411, 0.063315, 0.715409, -0.0625523, 1.38874, -0.705554, -7.95514
69, 6.88943, -0.173527, 12.9445, 4.67388, 2.42701, -0.929669, -17.0115, 2.59728, -7.43561, 11.6616, -1.46709, 34.1621, -1.75099, 9.2316, 0.445564, 1.16444, 6.30927, 0.540705, 0.413981, -0.0308484, 1.79641, -0.725779, -6.33848
70, 1.42244, -9.42037, -6.12503, 9.73924, 1.21581, -2.12264, -20.5437, 3.10831, -6.7619, 10.9799, -1.61948, 35.5272, -1.91555, 10.3456, -0.269537, -1.35525, 6.52882, 0.33003, 0.156677, -0.0157474, 2.2508, -0.649385, -5.6578
71, 2.69677, -15.0901, -25.734, 11.3948, 1.51079, -1.36153, -23.5546, 3.68675, -6.56416, 10.0243, -1.72678, 36.2761, -2.13681, 12.0502, -0.833414, -0.381768, 7.13777, 0.504258, 0.169882, -0.149449, 2.37033, -0.352798, -5.59047
72, -6.33926, -9.42934, -28.9151, 13.1902, 1.74643, -0.114261, -23.7767, 3.92324, -6.29283, 9.19167, -1.8445, 36.7841, -2.23591, 11.0124, -0.731838, 0.0543922, 7.3443, 0.508587, 0.143921, -0.024908, 2.54006, -0.0526916, -5.92405
73, 1.51251, -12.1603, -2.58285, 7.23145, 0.397159, 5.71459, -18.0168, 3.35721, -4.67226, 8.65298, -2.00213, 36.8458, -2.40595, 9.72675, -0.185232, 1.95166, 8.01355, 0.448247, 0.431674, 0.0350711, 2.23921, 0.0338245, -6.2749
74, 22.3887, -3.74914, 42.6083, -1.75159, -0.140848, 8.78472, -12.2022, 2.61929, -4.70625, 8.41158, -2.1025, 36.4826, -2.57874, 9.47844, 0.218155, 3.39794, 7.70657, 0.576755, 0.624881, 0.0356848, 1.82694, -0.0112464, -6.56636
75, -69.5309, 49.3904, -31.8211, 52.4219, 15.4932, -2.11262, -59.6885, 10.6111, -6.45658, 0.81316, -1.9302, 35.6634, -2.78112, 9.37227, -0.168049, 1.6469, 6.33465, 0.409645, 0.165971, -0.143653, 3.14861, 0.309596, -8.55827
76, 67.3009, -36.3134, 169.335, -10.8068, -7.22276, 19.7061, -3.39383, 1.27048, 3.35114, 6.6627, -2.1431, 34.3428, -2.59073, 7.11796, -0.908105, -2.35483, 3.83688, 0.0428228, 0.0941519, 0.121634, 2.26057, 0.139665, -4.2327
77, 28.9964, 3.47043, 31.4517, 15.9047, 4.45199, 7.61833, -27.7376, 5.882, -4.27634, 0.779999, -2.33704, 32.8648, -2.87257, 5.9246, -1.0912, 5.68161, 4.97306, -0.302046, -1.31041, -0.138643, 2.97248, 0.696518, -4.92754
78, 33.5163, -5.94662, -40.6078, 8.73816, 3.31589, 6.21737, -23.4166, 5.29018, -3.42992, -0.542096, -2.25766, 30.5876, -2.8482, 9.82693, -1.10177, 11.7418, 7.85703, -0.665358, -3.53866, 0.61692, 3.87833, 1.17423, -2.41288
79, 33.734, -13.3156, -33.7783, 2.13953, 1.98666, 4.7683, -19.6936, 4.60665, -0.986603, -2.26928, -2.14394, 27.8041, -2.89024, 13.4729, -0.974078, 11.7642, 8.9241, -0.64872, -4.3614, 0.462425, 4.46477, 1.56737, 0.528257
80, 15.8438, -8.22682, -42.1499, 6.48761, 3.95367, 3.07303, -21.7181, 5.47064, 0.459458, -5.40766, -2.01184, 24.6091, -2.78456, 11.1967, -0.781796, 12.284, 6.19569, -0.518437, -5.05138, 0.434845, 5.77512, 2.07277, 2.50657
81, -1.15263, -1.06089, -47.8516, 6.8594, 4.31727, 2.81501, -19.5796, 5.33237, 2.42869, -6.54083, -1.67852, 20.6921, -2.54404, 8.64103, -0.574803, 11.9982, 2.70536, -0.242584, -5.31609, 0.191794, 7.74672, 2.44491, 4.71061
82, 0.225773, 5.78489, -57.9297, -2.17777, 4.35667, 1.91537, -16.9678, 4.91046, 4.19149, -6.66656, -1.21573, 16.4358, -2.18664, 13.4373, -1.14439, 14.8065, 2.46545, 0.0161795, -5.34639, 0.470542, 8.75013, 2.54749, 6.31217
83, -3.92994, 0.329441, -51.6498, -4.36828, 5.05274, 1.06162, -16.9866, 5.3639, 6.12525, -6.91563, -0.812306, 12.0694, -1.72296, 15.6877, -1.51574, 15.2088, 0.709698, 0.279762, -5.36703, 0.362269, 8.88321, 2.40504, 6.743
84, -5.89, -13.3313, -46.2328, -5.33082, 4.56917, 2.1267, -14.8105, 5.10924, 7.45046, -5.84942, -0.448092, 7.51879, -1.22403, 14.7735, -1.55243, 15.4237, -1.49328, 0.353673, -5.35517, 0.255957, 8.77653, 1.84372, 6.10635
85, -2.72034, -6.39361, -27.8001, -9.50718, 2.5933, 2.39397, -9.69197, 3.26994, 7.93614, -3.98251, -0.102583, 3.92751, -0.694455, 12.9275, -1.77082, 17.1879, -2.88105, 0.263675, -4.60875, 0.773812, 7.95875, 1.16597, 5.09659
86, -31.0584, 5.37637, 10.3023, -7.39012, 1.17523, 0.92899, -6.1781, 1.6948, 9.01434, -2.27877, 0.16335, 1.51941, -0.405695, 8.57759, -1.66466, 18.4181, -4.8048, 0.186641, -4.06752, 1.11519, 6.66157, 0.456837, 5.53624
87, -23.2873, 13.5415, -10.3006, -3.84201, 0.178433, 3.24018, -4.57849, 0.884761, 7.86727, -2.18758, 0.327911, 0.336523, -0.176561, 3.82037, -1.49516, 20.3895, -6.06373, 0.0819823, -3.78215, 1.36951, 5.58074, -0.323534, 5.69275
88, -49.6379, 17.2891, 33.7158, 5.90863, 1.44015, -0.455748, -8.97036, 1.96799, 8.43761, -3.64623, 0.268771, -0.604732, -0.0766494, 1.75886, -1.45914, 19.8382, -6.14011, 0.0163479, -3.10908, 1.38616, 2.33575, -0.910391, 7.65498
89, -4.29994, 8.22882, 25.5, -2.43657, -5.00515, 7.64653, 0.365174, -2.45615, 10.9852, -2.54983, 0.25403, -0.602215, -0.000776692, 0.699994, -1.72707, 19.7318, -6.02712, -0.0696987, -2.87769, 1.29327, 0.542437, -1.06712, 7.95189
90, 2.05078, 16.1294, -22.8803, 3.56012, -0.55058, 3.67382, -5.90161, 0.572806, 4.52316, -3.03422, 0.312796, -0.484656, -0.0268101, -0.626604, -2.01362, 21.4088, -5.45867, -0.186313, -2.82324, 1.17985, 0.0617497, -1.11769, 7.88595
91, -1.56725, 10.1341, -33.5383, 7.15444, -1.78292, 6.19679, -3.178, -0.598557, 3.60381, -2.4318, 0.22995, -0.401932, 0.00265931, -6.16792, -1.22508, 21.1326, -5.01689, -0.270697, -2.20781, 1.26299, -1.17123, -0.959136, 6.61392
92, 2.86957, -1.39902, -43.4902, 5.40283, -1.67546, 6.15724, -3.10452, -0.474489, 2.83714, -2.22893, 0.101968, -0.315257, -0.0419753, -5.48518, -1.33356, 21.662, -3.60165, -0.274566, -1.97404, 1.2781, -1.53474, -0.927229, 5.61606
93, 21.1345, -6.37227, -50.5666, -0.362543, 0.54435, 1.0533, -6.24348, 1.20105, 0.0980628, -2.15571, 0.0099897, -0.266267, -0.0198198, 0.74823, -1.97018, 22.5361, -1.51361, -0.129825, -1.33992, 1.27362, -1.46803, -0.848526, 5.18822
94, 15.3288, -1.94873, -58.9979, 1.54994, -0.850543, 3.54744, -2.27836, 0.0535748, -0.402488, -1.11522, -0.0861762, -0.20697, -0.0494671, -3.8332, -1.44365, 20.4908, -1.78388, -0.21245, -1.58534, 1.0833, -1.383, -0.483012, 3.06241
95, -6.51814, 0.597385, -41.1253, 7.0859, -0.838855, 2.82343, -1.80096, 0.0220033, -0.856449, -1.14015, -0.195135, -0.191775, -0.0243428, -8.7719, -0.83491, 17.6674, -2.02668, -0.273466, -1.50784, 0.988, -0.89233, -0.446943, 1.58374
96, 2.58892, 0.395944, -19.6677, 1.31492, 0.078975, -0.0816633, -2.14012, 0.639339, -2.90541, -1.17433, -0.340539, -0.131261, -0.0345195, -5.79697, -0.523037, 17.9684, 0.0124283, -0.14605, -0.397771, 1.04176, 0.235536, -0.57758, 1.60614
97, 25.6402, 0.0292097, -1.60502, -7.26777, -0.246829, -1.29049, -1.48149, 0.481595, -4.45115, -0.25744, -0.368649, -0.114527, -0.0101167, -1.1898, -0.500135, 18.6698, 1.0806, -0.0907133, -0.582982, 1.19031, 1.08406, -0.689842, 1.58966
98, 27.1477, -6.38922, -5.27139, -6.2103, -0.658166, 2.3765, -1.21583, 0.50389, -3.32727, -0.174086, -0.287049, -0.279545, -0.0731964, -2.33959, -0.323542, 18.1352, 1.08108, 0.00495419, 0.0201016, 0.933721, 1.6346, -0.594378, 1.59858
99, 7.10267, -6.55181, 2.88298, -0.00837551, -0.482063, 3.00347, 0.149942, 0.766978, -3.07047, 0.0380879, -0.257934, -0.0243274, -0.0497432, -7.52318, -0.0948938, 15.6343, 0.567278, -0.0122081, 0.496688, 1.00257, 1.53013, -0.470558, 1.40416
100, 9.77688, -1.08453, 10.1449, -4.1708, -0.764152, 1.52015, 0.503563, 0.737336, -4.43263, 0.0271356, -0.355176, -0.0824015, -0.0546527, -5.38136, 0.203373, 16.436, 2.01775, 0.0392659, 1.35719, 1.30428, 1.84409, -0.613088, 0.884863
101, 6.47561, -3.04366, 0.326435, -3.27738, -0.540772, 1.81127, -1.61347, 1.05617, -3.52875, -0.293991, -0.323777, -0.152563, -0.0301975, -3.88009, 0.147274, 16.0679, 2.13887, 0.106286, 1.63162, 0.862804, 2.41273, -0.797498, 0.939699
102, -5.43363, -5.84709, -0.692081, 1.24764, -1.48418, 2.76748, -0.146241, 0.724842, -2.5143, 0.070556, -0.291195, -0.162739, -0.0625565, -7.11394, 0.0551558, 14.4043, 2.10672, 0.176686, 2.7704, 0.964705, 1.89944, -0.967712, 1.17168
103, -10.1959, 1.66106, 6.10809, 3.72275, -1.74039, 0.792663, -0.403544, 0.851376, -2.80874, 0.163028, -0.216901, -0.153757, -0.0421148, -8.62048, 0.0759308, 13.6913, 2.50177, 0.193526, 3.65261, 0.882062, 1.52285, -1.20345, 1.81855
104, -4.97515, 4.72681, 5.77154, 2.74131, -1.92475, 0.445353, -1.54882, 0.860483, -2.33874, 0.00795743, -0.191181, -0.169671, 0.00467822, -7.05225, 0.193907, 14.0959, 3.35575, 0.23207, 4.4703, 1.05163, 1.97853, -1.43934, 0.896667
105, 0.693246, 1.2508, 12.1807, 1.15193, -2.29499, 0.464903, -0.557263, 0.711412, -2.29222, 0.290997, -0.155125, -0.216854, -0.0478248, -6.06088, 0.0748669, 12.816, 3.44647, 0.303513, 5.18716, 0.952716, 2.33208, -1.45109, 0.299912
106, 8.77433, -5.73132, 3.68244, 0.0900547, -3.23854, 2.43427, 2.44097, 0.317992, -2.08647, 1.00343, 0.128226, -0.449117, -0.0685038, -7.50254, -0.0687717, 13.3717, 3.36407, 0.368897, 5.84856, 1.0677, 2.26383, -1.53559, 0.928302
107, 10.5983, -0.496299, 10.9969, -1.03129, -2.0406, 0.328524, -0.586354, 1.27611, -3.02559, 0.41774, 0.0111991, -0.147454, -0.13477, -5.93066, 0.595721, 16.3819, 5.4875, 0.397186, 7.21827, 1.26832, 1.77944, -1.34364, 1.69342
108, 1.82872, 4.27112, 13.8528, 3.20179, -0.663257, -1.31453, -4.15251, 2.1061, -4.2293, -0.58638, -0.0707634, -0.228673, -0.0508413, -7.70923, 0.460762, 17.4856, 5.1841, 0.479027, 7.69486, 1.59025, 1.62534, -0.916829, 1.92244
109, -6.71177, 6.74925, -43.5938, 14.2641, 0.221794, -5.72962, -0.237987, 1.46882, -3.63208, 0.820062, 0.132323, -0.134439, -0.170341, -15.3736, -1.38236, 8.79729, 1.42144, 0.880944, 9.16612, 1.55115, 2.77518, -0.473482, 3.26326
110, -2.98237, 3.51346, 10.0893, -1.12749, -0.791152, 5.10338, -0.487961, 0.930583, -2.71064, 1.03158, 0.17428, -0.363652, -0.115251, -6.96744, 0.541052, 18.9505, 6.14872, 0.817256, 10.5795, 1.49746, 1.732, 0.0778882, 2.30729
111, -3.63399, 10.4593, 5.35659, 1.517, -0.187177, 1.57236, -3.18698, 1.15746, -2.82042, 0.251124, 0.0298782, -0.297269, -0.0621139, -7.60568, 0.512028, 17.8617, 6.49735, 0.919883, 12.042, 1.27201, 2.27381, 0.306793, 3.73707
112, -7.40185, 15.0041, -7.48968, 3.00278, -0.0758456, 1.15931, -0.436007, 1.64032, -3.97995, 0.974282, 0.0583999, -0.319522, -0.0832507, -11.0593, 0.18609, 16.6081, 6.26555, 1.06779, 13.4225, 1.29086, 2.71176, 0.645227, 4.36279
113, -6.61036, 11.0863, -10.4809, 3.25458, -0.34018, 0.75445, -0.15925, 1.43774, -4.18843, 1.41202, -0.0476792, -0.307585, -0.0646116, -11.9664, 0.0223413, 16.4752, 6.25717, 1.18795, 14.7149, 1.28965, 3.21311, 1.0223, 4.26726
114, -5.97587, 6.41435, -7.02505, 2.42406, -0.620886, 0.540154, -1.36847, 1.16538, -3.82276, 1.37777, -0.0623182, -0.15968, -0.0164518, -11.0997, 0.322023, 16.9672, 7.06307, 1.34199, 16.1284, 1.39327, 3.60829, 1.01573, 4.29425
115, -0.980456, 7.03811, -15.5524, 0.462034, -0.841252, 1.00433, 1.07181, 1.14655, -4.37288, 1.76747, -0.208587, -0.275453, -0.0821065, -10.8973, 0.562182, 16.4051, 7.9775, 1.48054, 17.9305, 1.22607, 3.53388, 1.04222, 4.61693
116, 1.29395, -0.974951, -8.4409, -0.350024, -0.851428, 2.51238, 1.37327, 1.11401, -3.78636, 1.95172, -0.188594, -0.336339, -0.0971359, -10.666, 0.61276, 16.4286, 8.71037, 1.58485, 19.8514, 1.00772, 3.58365, 1.18738, 5.05253
117, -2.7294, -7.67257, 8.89115, 1.33055, -1.3665, 1.88983, -0.704401, 0.937614, -3.93952, 1.85852, -0.199178, -0.374529, -0.0696339, -11.7605, 0.499381, 16.9232, 8.92073, 1.72182, 21.3828, 0.499567, 3.65182, 1.12741, 5.23573
118, 12.3133, -3.26849, 14.5434, -3.76043, -2.59644, -0.505237, 3.01562, 0.920209, -5.77726, 2.6661, -0.402303, -0.200741, -0.0346075, -11.711, 0.561703, 16.0589, 9.3815, 1.7342, 22.5222, 0.627122, 3.98588, 0.920044, 5.06963
119, 12.7164, -20.9927, 5.12281, -5.3252, -3.38122, 3.59281, 4.1912, 0.522926, -5.76447, 3.25377, -0.415907, -0.120306, -0.0357081, -11.4715, 0.685016, 17.2319, 10.1945, 1.91135, 24.4124, 0.728126, 4.71603, 0.983402, 5.30139
120, -3.88059, -32.6599, 6.57459, -0.212316, -3.69731, 5.54717, 1.4858, -0.228644, -4.67454, 3.22562, -0.280185, -0.328622, -0.0750815, -12.6187, 0.430608, 17.6488, 10.4818, 2.04681, 26.0997, 0.270593, 4.82693, 0.997029, 5.33664
121, -5.16091, -19.6781, 24.0459, 2.46462, -2.9969, 2.96052, 1.99689, -0.477978, -3.64323, 3.42631, -0.126088, -0.536635, -0.0975585, -14.0697, 0.0462454, 15.6486, 10.2873, 2.07982, 27.4896, -0.127665, 4.0856, 1.09543, 5.07986
122, -2.65671, -13.3084, 28.0345, 1.72955, -3.0009, 2.64782, 3.92672, -0.431069, -3.23317, 4.04383, 0.0349114, -0.365883, -0.0217455, -14.7115, -0.0853295, 15.4228, 10.3646, 2.24324, 28.9222, -0.314376, 4.02495, 0.886162, 4.07368
123, 0.199554, -2.16969, 13.6596, 0.617776, -2.50078, 3.14909, 5.91273, -0.208533, -2.73972, 4.52523, -0.00782676, -0.129375, -0.0317716, -14.2857, -0.0332962, 15.4172, 10.7201, 2.41512, 30.283, -0.663997, 4.14039, 0.660941, 3.49452
124, 0.760217, 4.40857, 6.28992, 1.22326, -1.44594, 4.50502, 8.07996, 0.0656023, -0.830423, 5.27388, 0.0343821, 0.0692958, 0.0210209, -14.4816, -0.237978, 14.8492, 10.7832, 2.39173, 31.1783, -0.657613, 3.49873, 0.502277, 3.1105
125, -1.12137, 15.4338, 8.81661, 4.48036, -1.06469, 3.18696, 8.27109, 0.40694, -0.763614, 5.46786, 0.133325, -0.0378888, 0.0224535, -15.7785, -0.852735, 14.3937, 10.0978, 2.29828, 31.6442, -0.948799, 2.23469, 0.289282, 2.33724
126, 6.72519, 23.2069, -8.3487, 7.17201, -0.922147, 0.644735, 8.67754, 0.651139, -1.26882, 5.46683, 0.0636648, -0.385363, -0.101486, -16.7516, -1.3386, 13.8304, 9.54184, 2.398, 32.6258, -0.977275, 1.27744, -0.120211, 1.63171
127, 3.312, 9.77971, -22.2298, 10.9055, -0.655461, 2.14475, 9.32934, 0.754713, -0.423478, 6.24643, 0.134729, 0.0075771, 0.0632222, -19.1018, -2.0517, 13.5942, 8.36534, 2.28395, 32.4906, -1.32798, 0.665478, -0.262672, 2.08662
128, -3.11752, 1.35304, -9.4267, 13.4926, -0.959869, 1.55191, 8.67588, 0.553794, -0.975585, 6.13767, 0.0204845, -0.400502, 0.0197754, -20.7469, -2.60896, 13.1882, 7.38686, 2.28584, 32.5589, -1.40194, -0.339593, 0.0743615, 2.44943
129, 12.2659, 4.83337, 6.65857, 9.72571, -1.23795, -2.221, 10.4034, 0.687462, -3.55421, 6.90167, 0.0186903, 0.321054, 0.0452618, -19.0802, -2.97095, 11.5695, 6.35922, 2.16475, 32.1391, -1.73794, -1.31672, 0.524213, 2.34134
130, 25.3342, -4.29809, 16.2064, 10.4532, -1.64862, -0.908838, 9.71435, 0.666005, -3.816, 6.05039, -0.143411, 0.207561, -0.0607297, -20.4551, -3.53797, 12.4821, 4.61966, 2.21367, 30.8528, -1.42572, -1.27811, 0.962607, 2.89781
131, 30.526, -18.8143, 64.5059, 10.1912, -2.00721, -1.28325, 7.97421, 0.916504, -2.28309, 5.18783, 0.0557098, -0.254, 0.0273043, -22.6954, -4.13744, 12.6334, 3.03462, 2.19033, 29.9106, -1.30056, 0.103972, 1.27861, 3.1287
132, 36.5984, -14.2343, 132.353, 8.38401, -1.791, -6.05944, 5.59503, 1.21908, -1.26376, 4.48057, 0.238041, -0.0960357, 0.0513643, -21.8294, -4.56911, 10.6607, 1.32234, 1.93735, 28.2914, -1.72006, 1.25173, 1.45122, 2.28276
133, 19.9598, -6.61573, 176.183, 14.6759, -0.679906, -10.1197, -1.32298, 0.905275, 0.973889, 2.21273, 0.212796, -0.0578128, -0.056962, -20.7709, -4.92178, 8.64073, -0.389153, 1.78986, 26.6369, -1.64029, 2.59564, 1.38269, 0.762952
134, 3.4356, -15.4445, 202.933, 18.0482, -1.74483, -12.5305, -5.45809, 0.46756, 0.564761, 0.435984, 0.101501, -0.46554, -0.135412, -20.1445, -5.21258, 7.73129, -1.99432, 1.52391, 24.2398, -1.50941, 4.57444, 0.997322, -1.06046
135, -8.42912, -28.3776, 225.74, 13.3948, -4.42417, -13.1172, -3.20061, 0.41183, -2.30853, 0.701844, 0.092068, -0.464509, -0.0678303, -19.6768, -5.45289, 7.16155, -3.50192, 1.2671, 21.6398, -1.1672, 6.97417, 0.571911, -2.80219
136, -18.9031, -33.22, 240.279, 10.511, -6.31447, -16.6797, -1.27047, 0.254131, -6.72511, 1.10856, 0.00475764, -0.244661, -0.0320067, -19.7353, -6.00875, 4.38488, -6.14379, 0.753093, 18.1994, -1.25495, 8.88742, 0.440853, -3.6348
137, -35.4927, -31.5093, 260.527, 7.21036, -7.3365, -18.3452, 1.00362, 0.10837, -9.25047, 1.03108, -0.171719, -0.364361, -0.0350957, -19.1943, -6.40476, 0.813411, -7.7576, 0.468288, 14.4755, -0.926797, 10.1715, 0.640546, -4.44727
138, -47.6395, -32.1332, 290.819, 1.36483, -8.07823, -17.8776, 3.84665, -0.298774, -10.0473, 1.10513, -0.62715, -0.822397, -0.178791, -17.0971, -6.275, -3.21694, -7.93939, 0.180597, 11.5849, -0.954284, 10.7275, 1.02912, -4.70796
139, -40.1811, -37.7364, 313.584, -6.74734, -8.64855, -14.7438, 8.2659, -0.0495905, -9.0949, 2.53063, -0.518274, -0.240638, -0.0451058, -15.1631, -5.91534, -4.32831, -7.60273, -0.0836945, 8.35876, -1.21921, 10.7378, 1.2955, -4.89215
140, -40.6223, -41.6083, 349.951, -13.1402, -7.23291, -10.8995, 9.68579, 0.111306, -6.10987, 2.23022, -0.318618, -0.464574, -0.0844403, -10.3786, -4.43397, -5.69671, -5.34033, -0.0475277, 5.6624, -0.952153, 9.82532, 1.80622, -5.8119
141, -14.5157, -50.8247, 396.914, -24.1026, -6.36167, -2.7491, 19.6475, 1.48802, 0.8968, 2.84441, -0.440558, -0.0802525, -0.0250292, -10.2236, -4.46268, -7.85837, -5.09326, -0.195743, 3.06222, -0.626032, 8.56158, 2.53454, -6.73779
142, -33.0939, -67.2527, 374.368, -14.0681, -5.51598, -0.0442188, 12.3844, 0.0634929, 0.990048, 1.95436, -0.240785, -0.17314, 0.0241865, -12.0814, -4.90116, -6.63555, -5.1885, -0.171086, 1.05566, -0.120481, 9.06896, 3.42251, -6.55792
143, -22.3438, -76.0941, 365.589, -15.9476, -2.81133, 0.446423, 11.0781, 0.304861, 3.52436, 1.32756, -0.166613, -0.0915015, 0.0408009, -7.99191, -2.84417, -8.19452, -3.49869, -0.554807, -0.114446, -0.0988373, 8.49705, 3.64908, -7.6468
144, -34.365, -79.356, 360.697, -9.9748, -1.49902, 1.25123, 5.85669, -0.368123, 4.45916, 0.753188, -0.0897391, 0.0861176, 0.0452879, -7.23773, -2.38785, -7.92824, -3.45572, -0.704644, -0.641952, -0.113335, 7.36993, 3.65137, -8.52622
145, -35.472, -74.4348, 332.695, -6.75518, -0.938248, 1.91945, 4.03441, -0.222519, 4.45662, 0.649405, 0.178992, 0.0688177, 0.00775904, -7.94048, -2.24455, -6.06361, -3.45512, -0.493253, -0.208041, -0.0684282, 7.05152, 3.51262, -8.81096
146, -32.5323, -80.6465, 334.472, -7.32566, -0.808522, 3.61707, 2.17734, -0.277929, 4.17837, 0.107824, 0.0499432, -0.184035, -0.0767337, -6.52528, -1.36938, -4.10141, -4.44659, -0.623046, -0.959835, 0.0531137, 6.1801, 3.0579, -9.47873
147, -27.4036, -45.0719, 311.57, -5.48193, 1.86967, -9.1906, -0.29163, -0.27873, 3.20993, 0.101474, 0.139455, 0.0670975, 0.0128429, -1.99474, 0.765542, -9.54758, -3.50797, -0.400796, -0.40825, -0.164214, 5.57342, 2.27156, -9.36649
148, -38.5698, -50.7558, 281.842, -2.26203, -0.925064, -3.50645, -1.38982, -0.260147, 2.49593, -0.286434, -0.0337416, -0.23287, -0.0604405, -4.62609, -0.643198, -1.7567, -2.79749, -0.133477, -0.379232, 0.351655, 4.94749, 1.2857, -8.63333
149, -48.8659, -48.6741, 278.8, -3.47654, -1.21625, -3.12645, -1.93724, 0.250687, 0.992463, -0.258919, 0.187164, -0.531732, -0.132647, -3.4928, -0.380574, 0.326648, -1.64446, 0.136523, 0.0553387, 0.198987, 4.66023, 0.787111, -7.02361
150, -53.6703, -37.7138, 270.545, -3.71829, -1.71436, -3.69789, -0.274818, 0.343248, 0.550579, -0.0161365, -0.0236945, -0.426558, -0.0840212, -4.09553, -0.46947, -0.229846, -1.93707, -0.0491187, -0.122719, -0.227367, 4.73128, 0.442976, -5.41715
151, -59.5861, -23.161, 255.714, -2.56116, -1.87536, -3.34959, -0.187721, 0.471823, 0.442166, -0.221525, 0.054701, -0.204138, -0.0756646, -3.8893, -0.707396, -0.463088, -1.38395, 0.0617896, -0.206291, 0.0747975, 4.39097, 0.15961, -4.88483
152, -61.4585, -23.2305, 260.449, -3.57095, -2.36287, -4.58954, -1.1789, 0.469053, -1.44929, 0.140683, 0.0964551, -0.251417, -0.0727435, -3.26551, -0.985851, 0.769599, -0.851172, 0.253028, -0.311995, 0.16438, 3.80167, -0.0544109, -3.54318
153, -39.8812, -36.1826, 257.006, -11.922, -0.955381, -1.4987, -0.876323, 0.453096, -1.78181, 0.420916, 0.175713, -0.112535, -0.0185648, 1.79772, 0.453064, 5.91734, 0.294081, 0.488194, 0.275362, -0.0166672, 3.20752, -0.128997, -1.69591
154, -54.2059, -25.8072, 250.634, -3.4034, -2.2501, -2.68152, -1.5367, 0.0605265, -1.43072, -0.158693, 0.0608242, -0.17274, -0.056347, -3.3882, -0.727981, 0.186716, -1.09083, 0.183206, -0.616653, 0.0496328, 3.57152, -0.290401, -2.12102
155, -44.7603, -26.916, 247.836, -3.1032, -1.64448, -4.1663, -3.49669, -0.0493286, -0.695304, -0.659798, 0.163564, -0.368657, -0.0501642, -1.28768, -0.499289, 0.928961, -1.03393, -0.200087, -0.881789, -0.0925735, 2.87426, -0.578357, -1.39283
156, -41.1211, -33.0379, 236.494, -3.94603, -1.75948, -1.84354, -2.64342, -0.185173, 0.171552, -0.664756, 0.0542785, -0.347292, -0.0804519, -1.0391, -0.613126, 2.39858, -0.213293, 0.236293, -0.224833, 0.134098, 2.35766, -0.675054, -0.959595
157, -35.0024, -35.3928, 214.958, -8.13141, -2.3461, 0.910227, 1.06124, -0.198228, -1.13957, 0.293748, 0.148812, 0.00492421, -0.104233, -1.4602, -0.650611, 2.48855, -0.257555, 0.256312, -0.15981, 0.0345274, 3.08157, -0.765784, -0.933025
158, -43.8223, -35.9229, 215.339, -6.1913, -2.14349, 0.457808, -0.381077, -0.233395, -1.26307, 0.0812991, 0.141559, -0.0660141, -0.0295972, -1.44914, -0.993006, 2.39333, -0.99083, 0.0818204, -0.482667, 0.121417, 2.75619, -0.856076, 0.0978671
159, -61.5761, -35.8368, 216.853, -0.578429, -1.94119, 1.67624, -1.84999, -0.127003, 0.738454, -0.658606, 0.126111, -0.13852, -0.0151072, -3.29778, -1.16937, 1.52768, -1.39893, -0.1064, -0.738434, 0.0698005, 2.06906, -0.886358, 1.01768
160, -46.8722, -21.3425, 216.156, -2.87525, -1.71348, 0.831064, 1.28982, 0.0146818, -0.27883, -0.210035, 0.199872, -0.665643, -0.10675, -2.74745, -0.962028, 0.945088, -0.55827, -0.0759205, -0.769317, 0.0309979, 0.26934, -0.82944, 0.991046
161, -60.3496, -16.5628, 213.582, -3.9059, -1.24575, -1.69306, 0.438523, 0.0706386, -1.67334, 0.459127, 0.222735, -0.0906825, -0.0482141, -0.618379, -1.21394, 0.783719, -0.231265, -0.362432, -0.78464, 0.0164119, 0.660563, -0.73946, 0.983487
162, -46.1762, -26.9123, 209.324, -3.1157, -0.753507, 2.35991, -1.2297, 0.224518, 0.0861813, -0.24603, 0.117581, -0.334295, -0.119245, 0.524316, -1.26518, 3.26509, 0.043963, -0.0966286, -0.804993, -0.00706034, -0.390832, -0.889773, 0.66925
163, -66.6821, -27.8896, 227.988, 5.49518, -0.745889, -0.33315, 0.15653, 0.364023, -0.0402684, 0.100368, 0.195628, -0.063269, -0.0491503, -6.88937, 0.702487, -3.43372, -2.03857, 0.0614785, -0.321889, -0.00988651, -0.570313, -1.07257, 0.658744
164, -57.4787, -28.7846, 236.938, -4.28024, -0.542311, -0.538117, -1.43238, 0.719725, -1.36939, 0.125009, 0.206047, 0.112563, -0.0289423, 0.211729, -1.89585, 4.61879, 0.927292, -0.179674, -0.511043, -0.166941, -0.732774, -1.18407, 0.837314
165, -64.6712, -35.715, 249.081, -1.02496, 0.0541508, -0.986515, -0.887228, 0.719464, -0.713589, 0.14729, 0.306374, -0.0992963, -0.0386454, -2.32233, -0.175181, 1.00266, -0.504798, -0.258405, -1.1133, -0.474017, -0.685011, -1.43552, 0.245232
166, -60.9372, -39.2057, 261.136, -4.93661, -1.17231, 0.82038, -0.389015, 0.694557, -1.39192, 0.0625651, 0.237239, -0.271936, -0.0658034, -1.62095, -1.51295, 2.98188, 0.264435, -0.602288, -0.658329, 0.254966, -0.179383, -1.81764, 0.224054
167, -66.2025, -35.3767, 257.103, -6.61176, -1.46414, 0.440187, -0.353781, 0.679039, -2.08664, -0.1077, 0.258832, -0.287984, -0.0783769, -0.826348, -2.23515, 4.88077, 1.19069, -0.460126, -0.144445, 0.528519, 0.430046, -1.92538, 0.402998
168, -72.2376, -36.098, 256.203, -5.35055, -1.0868, 1.12139, -1.1078, 0.718794, -1.28688, -0.316991, 0.186706, -0.354846, -0.0845239, -2.26682, -1.58527, 3.77365, 0.50529, -0.502924, -0.885434, 0.326716, 1.28424, -1.88707, 0.144105
169, -72.1585, -42.2565, 275.701, -7.60721, -1.07683, 3.1466, -1.44951, 0.531888, -0.721401, -0.658485, 0.0993829, -0.496426, -0.0887166, -1.23831, -1.87778, 5.00948, 1.54508, -0.412891, -0.261788, 0.356528, 1.23977, -1.67074, -0.137323
170, -82.3699, -36.481, 284.608, -9.64645, -0.556029, 1.63194, -1.86179, 0.624815, -1.37535, -0.443759, 0.332158, -0.367691, -0.0880436, 0.689408, -1.9996, 4.94374, 2.36514, -0.0585092, 0.12561, 0.239167, 2.1514, -1.46384, 0.146656
171, -72.2997, -32.6932, 293.192, -11.3696, -0.408886, -1.49488, -0.676883, 0.509632, -2.53692, -0.0237025, 0.475837, -0.247797, -0.1021, 0.802635, -1.95307, 5.41538, 2.11511, 0.131703, -0.536519, 0.335943, 1.33117, -1.69026, -3.0708
172, -70.0766, -18.5703, 312.902, -17.5628, 0.720178, -0.524216, 0.166868, 0.336774, -2.79073, -0.0584429, 0.306403, -0.165872, -0.0755884, 1.99445, -1.70286, 7.11172, 2.85929, 0.215413, -0.583902, 0.0154125, 2.36078, -1.16552, -4.061
173, -79.6493, -6.06671, 327.637, -18.9706, 2.52604, -2.63571, -1.92807, 0.643264, -2.35277, -0.720151, 0.306113, -0.579518, -0.12644, 3.82494, -1.1925, 7.97944, 3.98033, 0.193318, -0.606385, 0.0876079, 3.09693, -0.778043, -6.23794
174, -75.2057, -16.4742, 342.872, -23.3018, 2.48191, 1.64931, 2.65026, -0.0695027, -2.29515, 0.427469, 0.33941, -0.155714, -0.0772206, 2.91339, -0.228604, 8.64755, 5.16378, 0.136584, 0.381202, 0.20452, 3.16428, -0.507004, -6.93765
175, -31.9465, -40.2771, 356.657, -40.2789, 3.81883, 0.581845, -0.497039, 0.242433, -1.9899, 0.247038, 0.328313, 0.0772805, -0.0683861, 16.1523, -1.95809, 15.2016, 6.62894, 0.203925, 0.0112041, -0.0309212, 4.11897, -0.438501, -5.52526
176, -150.845, 31.1021, 375.631, -6.3902, 5.00773, -13.1086, -1.97056, 0.651543, -3.59335, -0.17317, 0.351252, -0.288994, -0.0999922, -2.24774, 2.25895, -4.13033, 4.96192, -0.204146, 0.83467, -0.188545, 4.4378, 0.392864, -8.22831
177, -87.4348, -39.0785, 347.171, -22.5303, 3.21543, -7.95031, -0.195875, 0.22729, -1.49366, 0.0399575, 0.303325, -0.250266, -0.0978032, 9.83805, 0.263616, 1.67422, 5.18694, -0.00649331, -1.26583, -0.164073, 4.24124, 0.736031, -6.04556
178, -103.425, -54.8832, 336.344, -22.8375, 1.51182, -7.31933, 1.46861, 0.031708, -0.897577, 0.380197, 0.292194, -0.156982, -0.0862026, 10.4702, 0.0623478, -0.621849, 6.48499, 0.233774, 0.548745, -0.104465, 5.54302, 1.28772, -3.59086
179, -116.27, -72.3474, 323.574, -17.3141, -0.680977, -10.9104, 1.41606, 0.0536077, -0.304654, 0.643559, 0.365735, -0.0280227, -0.0869692, 10.007, -0.625039, -3.46677, 6.27831, 0.0452114, 0.198788, -0.115268, 4.28532, 1.09742, -4.89184
180, -122.982, -57.8088, 329.872, -17.996, -0.0102139, -13.8153, -0.550979, 0.479674, -0.73829, -0.244184, 0.321676, -0.502812, -0.166002, 12.7089, -1.07341, -2.85908, 7.44686, 0.166018, 0.322234, -0.00488005, 3.60045, 1.36513, -5.23165
181, -144.875, -85.8312, 320.433, -12.9665, 1.43047, -5.69091, -1.95016, 0.659377, -0.553633, 0.0330222, 0.413018, -0.0933871, -0.134723, 8.06733, -0.682728, 1.15191, 7.15835, -0.0516053, -0.232669, -0.124902, 3.42331, 1.968, -4.14851
182, -151.006, -40.705, 316.025, -8.85454, 3.6829, -7.5977, -3.6691, 1.0238, -0.711479, -0.695897, 0.308137, -0.678502, -0.258692, 7.45443, 0.271902, 0.652041, 6.71504, 0.519506, -0.27975, -0.202697, 2.36093, 2.25762, -5.3868
183, -125.273, -34.4773, 360.862, -21.8034, 2.92497, -4.06771, 4.06744, -0.0427951, -1.16181, 1.32625, 0.360194, 0.330517, -0.0674448, 8.24717, 0.199559, 2.72802, 6.09568, 0.367094, -0.878625, -0.0443264, 1.7202, 2.00326, -5.31076
184, -105.514, -21.8865, 384.596, -25.3177, 3.90541, -3.82772, 5.2258, -0.234819, -1.87986, 0.971659, 0.36077, -0.354695, -0.18871, 9.08007, 0.253642, 4.29425, 7.13509, 0.336213, 1.63547, 0.0195077, 0.62835, 1.95154, -4.81912
185, -187.934, 14.4228, 343.761, 17.0397, 16.276, -14.2432, -31.9732, 5.63364, -5.64057, -4.58582, 0.328055, -0.663202, -0.24486, 6.90696, -1.02021, 3.57774, 4.24947, -0.298407, 0.460494, -0.0514337, 2.46747, 2.32159, -4.30354
186, -43.942, -41.0618, 438.495, -31.5824, 0.884213, 6.00291, 8.60218, -1.48148, 0.1694, 1.3195, 0.202071, -0.147614, -0.139998, 4.92159, -1.72556, 3.37397, 1.57912, -0.46438, -0.767562, 0.0073127, 3.19863, 2.28859, -2.19381
187, -71.4244, -43.2146, 469.877, -20.6449, 3.58903, 3.91609, 0.859855, -0.116231, -1.48699, 0.447816, 0.26753, 0.0346476, -0.167023, 2.23395, -1.81755, 1.82172, 1.392, -0.80583, -0.0325031, 0.0292089, 4.06824, 2.05896, -1.36197
188, -110.481, -47.3836, 491.631, -8.38094, 6.63735, 0.846605, -4.64992, 0.922438, -3.9101, -0.555473, 0.161104, -0.336073, -0.221689, -3.63123, -0.888571, -0.991913, -0.951941, -0.672767, -1.45987, 0.0395149, 5.24424, 1.96513, 0.487677
189, -105.201, -33.8339, 460.913, -9.87572, 6.94225, 2.56807, -0.580329, 0.169594, -4.26505, 0.433796, 0.253157, 0.107112, -0.245008, -5.07056, 0.253616, 0.806732, -0.689072, -0.203828, -0.983904, 0.209086, 6.14576, 2.14955, 2.87217
190, -123.532, -50.3696, 421.18, -1.93858, 16.7575, 5.07222, -16.7953, 4.59513, -9.23589, -2.52658, 0.163085, -0.517045, -0.397338, -1.59649, -0.122511, 9.16182, -0.258809, 0.0371148, -1.1617, 0.048859, 7.96153, 2.63099, 7.15416
191, -127.058, -43.2987, 438.67, -9.53079, 10.8179, 12.5663, -3.62381, 1.67398, -2.33989, 0.277661, 0.226678, -0.0897819, -0.242459, -2.52082, 1.12928, 8.09314, -0.287026, 0.438848, -1.52512, -0.0471885, 7.06981, 2.2185, 9.44449
192, -106.776, 4.93172, 382.089, -10.6286, 8.04886, 4.0753, -2.88984, 1.71589, -1.31024, 0.757664, 0.167937, -0.427219, -0.162359, 3.16925, 0.122638, 2.53019, -0.250939, 0.29411, -1.69422, 0.23478, 6.83405, 1.37115, 9.60411
193, -91.6361, -15.7872, 358.7, -6.74159, 8.93234, 10.1943, -10.2709, 4.08245, 2.59207, -1.8403, 0.131948, -0.629044, -0.213866, 6.53167, 0.0833201, 5.63946, 1.81737, 0.589529, -0.02425, 0.121592, 5.69882, 0.571174, 9.42799
194, -95.5066, -39.0123, 352.748, 8.57204, 10.5921, 15.2336, -20.551, 7.40529, 8.46452, -5.19906, -0.0122637, -0.746154, -0.0588281, 4.43307, 0.559181, 7.9691, 1.81965, 0.755861, 0.126258, 0.212858, 3.15493, -0.500212, 6.93996
195, -73.066, -40.4054, 334.106, -11.8623, -5.38607, 7.38958, 9.13335, -5.14396, 1.74614, 4.23718, -0.0348916, -0.19885, 0.0402982, -4.87225, 0.209127, -1.39104, -2.16838, 0.0862497, -1.95538, 0.381816, 2.8402, -0.0202926, 1.31547
196, -74.1304, -40.1819, 334.145, -11.6919, -5.01778, 6.77581, 8.23735, -5.10043, 1.78288, 4.03639, -0.0589488, -0.36689, 0.0298057, -4.03261, 0.652415, -1.7009, -1.38207, 0.517226, -1.0394, -0.168718, 2.89714, -0.0410659, 1.38514
